0 0.335780 0.339773 0.032685 0.107266
0 0.353866 0.777780 0.064441 0.444440
0 0.290577 0.624495 0.162427 0.149842
0 0.127301 0.605230 0.064032 0.126679
0 0.532456 0.174335 0.045389 0.070269
0 0.145247 0.607948 0.027687 0.130304
0 0.377096 0.534001 0.043837 0.235591
0 0.601470 0.311088 0.019300 0.087442
0 0.720461 0.352159 0.028644 0.062501
0 0.533085 0.198401 0.044239 0.119656
0 0.175520 0.541931 0.156363 0.113400
0 0.397376 0.341762 0.049597 0.120624
0 0.129187 0.610914 0.059680 0.129285
0 0.194504 0.531572 0.123797 0.137196
