0 0.528009 0.204344 0.038345 0.131155
0 0.398237 0.327295 0.045938 0.169509
0 0.397626 0.335045 0.044393 0.122743
0 0.156025 0.597775 0.040902 0.123234
0 0.578877 0.319459 0.059816 0.099708
0 0.529290 0.229516 0.038604 0.163237
0 0.399737 0.334578 0.046843 0.229698
0 0.267252 0.502631 0.046680 0.173686
0 0.206897 0.324447 0.030440 0.049696
0 0.040477 0.670092 0.079656 0.200778
0 0.568138 0.320693 0.050956 0.098089
0 0.335299 0.844458 0.051291 0.294321
0 0.263981 0.468850 0.038107 0.102381
0 0.062479 0.692226 0.048642 0.170417
0 0.527400 0.188496 0.038023 0.092847
0 0.092091 0.675689 0.020007 0.041681
0 0.088141 0.680341 0.025883 0.051345
0 0.599286 0.313499 0.021301 0.092883
