0 0.582192 0.335348 0.050969 0.122783
0 0.545896 0.221504 0.035137 0.083026
0 0.398191 0.362798 0.044641 0.218877
0 0.399299 0.318280 0.044559 0.207727
0 0.582260 0.335207 0.055981 0.125952
0 0.043887 0.671899 0.086661 0.197812
0 0.088887 0.681895 0.025491 0.055590
0 0.544705 0.231811 0.037844 0.111443
0 0.408160 0.263844 0.036334 0.094002
0 0.177957 0.535985 0.154889 0.144280
0 0.545751 0.266251 0.039114 0.189593
0 0.397398 0.345057 0.043523 0.132778
0 0.061579 0.707130 0.051597 0.149980
0 0.131072 0.439890 0.053568 0.084649
0 0.017088 0.230757 0.033642 0.069084
