0 0.121532 0.613022 0.041498 0.084701
0 0.581924 0.335103 0.054007 0.128691
0 0.582767 0.334943 0.047614 0.121835
0 0.208801 0.592476 0.027772 0.083228
0 0.398583 0.320940 0.043661 0.213269
0 0.543287 0.226248 0.038147 0.091930
0 0.397632 0.360930 0.044067 0.203780
0 0.091356 0.678610 0.020978 0.049280
0 0.044498 0.670038 0.088259 0.200309
0 0.397146 0.347030 0.043392 0.139055
0 0.176232 0.531925 0.157921 0.145661
0 0.176620 0.522442 0.157239 0.141813
0 0.545016 0.264940 0.042712 0.181849
0 0.017643 0.230879 0.034680 0.069927
