0 0.582382 0.332253 0.050346 0.120311
0 0.112083 0.622195 0.048739 0.099233
0 0.543662 0.224236 0.038401 0.088237
0 0.207666 0.593331 0.025455 0.085383
0 0.398450 0.364060 0.045585 0.206374
0 0.089564 0.681739 0.018745 0.051173
0 0.092610 0.677312 0.019840 0.041667
0 0.044809 0.673079 0.088585 0.193601
0 0.583150 0.332959 0.054596 0.127880
0 0.017728 0.231369 0.034933 0.070432
0 0.545671 0.265326 0.040339 0.185445
0 0.399402 0.328379 0.045109 0.229906
0 0.174920 0.521613 0.161483 0.135383
0 0.835917 0.649337 0.025957 0.054693
