0 0.158229 0.603875 0.037879 0.127673
0 0.398187 0.363518 0.044722 0.180125
0 0.206983 0.324379 0.030427 0.049219
0 0.528323 0.192897 0.033936 0.110432
0 0.043458 0.673901 0.085845 0.190531
0 0.091789 0.678370 0.020896 0.046740
0 0.087488 0.681983 0.027067 0.054540
0 0.572442 0.320348 0.047736 0.097500
0 0.267402 0.501056 0.047676 0.171080
0 0.525692 0.184275 0.038093 0.086911
0 0.564536 0.322427 0.044059 0.097605
0 0.016353 0.230405 0.032014 0.069087
0 0.119205 0.444473 0.077033 0.087784
0 0.151344 0.589709 0.045291 0.098683
0 0.062261 0.696411 0.051411 0.164451
0 0.958863 0.611688 0.028865 0.050721
0 0.529405 0.227480 0.034681 0.164350
