0 0.336351 0.339477 0.032369 0.108273
0 0.131921 0.627954 0.074629 0.177766
0 0.283858 0.624858 0.147200 0.148597
0 0.132848 0.604007 0.073770 0.124404
0 0.339440 0.835419 0.105783 0.329163
0 0.414275 0.307515 0.026659 0.192086
0 0.197570 0.519157 0.114726 0.123927
0 0.720652 0.352290 0.027982 0.061989
0 0.533113 0.174108 0.042190 0.069694
0 0.601561 0.310192 0.019130 0.088848
0 0.565328 0.312923 0.033942 0.086615
0 0.394139 0.341077 0.045315 0.120037
0 0.198825 0.549858 0.104991 0.075017
0 0.414164 0.251491 0.026871 0.075092
0 0.413262 0.269086 0.024741 0.100318
