0 0.108431 0.657612 0.045375 0.203640
0 0.335629 0.339944 0.034082 0.102831
0 0.277993 0.618863 0.132026 0.165228
0 0.278271 0.621494 0.131577 0.159916
0 0.174287 0.527406 0.159079 0.146992
0 0.120220 0.651955 0.069631 0.195617
0 0.602362 0.308318 0.019056 0.091273
0 0.335592 0.340458 0.033493 0.106116
0 0.116874 0.608663 0.061077 0.118583
0 0.719342 0.352066 0.027816 0.063866
0 0.568119 0.309203 0.036524 0.081620
0 0.529233 0.173978 0.047765 0.067013
0 0.174031 0.527948 0.160447 0.140222
0 0.040565 0.632134 0.074334 0.265140
