0 0.397626 0.362444 0.043084 0.180288
0 0.582702 0.331816 0.049368 0.112324
0 0.092749 0.678022 0.024567 0.045338
0 0.584638 0.331412 0.054073 0.118971
0 0.061597 0.696359 0.054398 0.167112
0 0.040034 0.684947 0.079032 0.172991
0 0.537473 0.206383 0.051924 0.129559
0 0.157253 0.605791 0.034052 0.137360
0 0.837252 0.649781 0.023048 0.054096
0 0.208130 0.589461 0.021629 0.076557
0 0.063103 0.716857 0.052537 0.118204
0 0.416513 0.253099 0.023409 0.080191
0 0.018242 0.231320 0.035108 0.070635
0 0.025583 0.679352 0.050678 0.178543
0 0.122391 0.438885 0.074794 0.083826
0 0.744291 0.314787 0.023180 0.044851
0 0.541403 0.211102 0.043364 0.106994
