0 0.402147 0.431531 0.043933 0.149215
0 0.400475 0.451299 0.049651 0.184709
0 0.528972 0.170867 0.039017 0.057570
0 0.374617 0.581447 0.036706 0.263038
0 0.408827 0.344653 0.028585 0.127183
0 0.018000 0.233251 0.035752 0.070605
0 0.413178 0.246953 0.024615 0.055332
0 0.378846 0.644767 0.071870 0.203976
0 0.399301 0.473344 0.050295 0.130345
0 0.410795 0.329010 0.024685 0.119808
0 0.615602 0.326734 0.022818 0.094644
0 0.379546 0.690495 0.081670 0.249679
0 0.405136 0.384054 0.038597 0.174806
0 0.377645 0.569123 0.029937 0.218376
