0 0.397822 0.336536 0.041824 0.127981
0 0.149439 0.601807 0.045655 0.124095
0 0.590908 0.344070 0.043909 0.143864
0 0.397543 0.361090 0.042253 0.190290
0 0.540570 0.218681 0.045084 0.092669
0 0.590095 0.332252 0.039555 0.113204
0 0.265281 0.478953 0.038924 0.147835
0 0.334087 0.852714 0.055790 0.281679
0 0.088236 0.681728 0.024728 0.052051
0 0.017025 0.229764 0.033569 0.066689
0 0.206319 0.324962 0.029853 0.051212
0 0.208288 0.590958 0.025310 0.079020
0 0.264662 0.456907 0.037185 0.101504
0 0.358558 0.685739 0.054227 0.259929
0 0.091218 0.678491 0.020914 0.044246
0 0.835765 0.650987 0.025612 0.053318
