0 0.397902 0.370748 0.042600 0.205326
0 0.314924 0.564582 0.084141 0.118101
0 0.041181 0.660811 0.081758 0.218222
0 0.062237 0.697857 0.048433 0.164044
0 0.601844 0.310868 0.018165 0.089221
0 0.397877 0.340699 0.040950 0.149999
0 0.524680 0.179569 0.042209 0.082822
0 0.287782 0.808485 0.019961 0.086186
0 0.271501 0.491944 0.033590 0.148473
0 0.017232 0.231215 0.033895 0.074260
0 0.573223 0.312704 0.045662 0.085341
0 0.834266 0.649425 0.027833 0.063848
0 0.572226 0.324110 0.046055 0.108909
0 0.595579 0.311822 0.030226 0.088583
0 0.394917 0.402669 0.043778 0.269303
