0 0.397765 0.341161 0.041871 0.148942
0 0.035740 0.667688 0.071067 0.205333
0 0.580400 0.312918 0.060331 0.089825
0 0.064372 0.706882 0.050294 0.138872
0 0.263265 0.475533 0.032063 0.116860
0 0.018520 0.232766 0.036173 0.074922
0 0.256044 0.471300 0.039085 0.105044
0 0.297403 0.563324 0.069782 0.116674
0 0.600828 0.309033 0.020137 0.088429
0 0.091901 0.683267 0.021589 0.056370
0 0.566878 0.320051 0.039719 0.099740
0 0.252939 0.454609 0.038474 0.074980
0 0.359745 0.684292 0.049061 0.265889
0 0.333424 0.857558 0.057574 0.271548
