0 0.398362 0.346624 0.042973 0.154764
0 0.300272 0.575909 0.055491 0.161843
0 0.835059 0.651601 0.028497 0.061616
0 0.060848 0.700296 0.051679 0.152823
0 0.288257 0.811290 0.020922 0.086723
0 0.578150 0.367411 0.060459 0.199322
0 0.574073 0.325482 0.048546 0.111158
0 0.567206 0.317496 0.036903 0.089858
0 0.041308 0.682211 0.080679 0.176631
0 0.526835 0.180275 0.038152 0.084262
0 0.016821 0.232209 0.033133 0.075839
0 0.601431 0.311584 0.018257 0.089454
0 0.334449 0.844208 0.055346 0.297642
0 0.542968 0.266755 0.030642 0.095667
