0 0.343214 0.353388 0.036345 0.100116
0 0.043976 0.672395 0.087197 0.196685
0 0.358048 0.356039 0.066612 0.106397
0 0.302554 0.506555 0.050640 0.108406
0 0.061220 0.700147 0.053522 0.159310
0 0.376392 0.359229 0.039394 0.103711
0 0.378257 0.544084 0.039362 0.260489
0 0.532261 0.170204 0.037846 0.060015
0 0.413623 0.335380 0.024865 0.223723
0 0.301110 0.506702 0.051044 0.107533
0 0.526819 0.170380 0.037400 0.053698
0 0.601601 0.310247 0.019209 0.088439
0 0.415474 0.270210 0.028058 0.108404
0 0.582451 0.329995 0.062665 0.124472
0 0.567561 0.323560 0.034815 0.105665
