0 0.129638 0.591065 0.068484 0.095805
0 0.330299 0.338751 0.046668 0.110658
0 0.330225 0.339767 0.045813 0.111903
0 0.601548 0.311426 0.019718 0.087435
0 0.140959 0.515298 0.093557 0.121983
0 0.184552 0.597401 0.039529 0.140764
0 0.399409 0.343295 0.047879 0.122408
0 0.534146 0.171364 0.036466 0.064418
0 0.356343 0.817561 0.060089 0.363429
0 0.283963 0.630419 0.155326 0.146474
0 0.565240 0.310512 0.034679 0.079081
0 0.039878 0.623349 0.075503 0.244009
0 0.016407 0.230396 0.032813 0.069954
0 0.403162 0.330357 0.045216 0.230462
0 0.140221 0.586106 0.044910 0.086527
