0 0.397383 0.386020 0.042333 0.245029
0 0.397990 0.349425 0.041934 0.168960
0 0.334241 0.846605 0.056625 0.292917
0 0.355898 0.681007 0.055107 0.249948
0 0.017532 0.234269 0.035065 0.075537
0 0.063747 0.703896 0.047490 0.146601
0 0.038377 0.682875 0.075824 0.173524
0 0.600410 0.309610 0.021355 0.089425
0 0.211016 0.616987 0.101889 0.152462
0 0.093685 0.678279 0.021328 0.048149
0 0.595008 0.310819 0.031951 0.089830
0 0.209996 0.613010 0.100177 0.146347
0 0.262437 0.444133 0.028363 0.050101
0 0.264815 0.452843 0.033576 0.068400
0 0.579646 0.312804 0.057920 0.088200
0 0.090659 0.681153 0.026847 0.054476
