0 0.362996 0.326422 0.018944 0.100391
0 0.102184 0.531395 0.031908 0.085894
0 0.534226 0.240286 0.030388 0.153887
0 0.185250 0.577758 0.053837 0.097698
0 0.168939 0.537007 0.165540 0.169568
0 0.370925 0.320237 0.036665 0.091413
0 0.063851 0.703878 0.051631 0.148553
0 0.149594 0.567410 0.123745 0.132403
0 0.604299 0.315445 0.022049 0.088661
0 0.091279 0.680370 0.022683 0.050981
0 0.608164 0.316502 0.016643 0.090154
0 0.179413 0.582615 0.059815 0.096266
0 0.584010 0.315470 0.062790 0.090534
0 0.837788 0.650735 0.026822 0.055326
0 0.400469 0.394527 0.039146 0.257005
0 0.158345 0.583511 0.110422 0.093346
