0 0.311724 0.767888 0.172418 0.165798
0 0.887725 0.408299 0.059444 0.082204
0 0.406917 0.244758 0.058129 0.088056
0 0.829662 0.349336 0.069824 0.069984
0 0.652148 0.245506 0.058492 0.081756
0 0.727910 0.214614 0.052333 0.068481
0 0.539703 0.169466 0.058669 0.072306
0 0.683513 0.176365 0.044401 0.055529
0 0.676446 0.305321 0.061032 0.066198
0 0.349899 0.516810 0.167452 0.109584
0 0.415205 0.375915 0.054857 0.089834
0 0.391606 0.616113 0.089175 0.098274
0 0.120175 0.444341 0.071098 0.080974
0 0.344469 0.599219 0.176788 0.120066
0 0.411696 0.385173 0.045242 0.096732
