0 0.310216 0.774744 0.184870 0.178186
0 0.583089 0.338985 0.066103 0.122921
0 0.887296 0.408963 0.058490 0.079095
0 0.831332 0.347422 0.068745 0.075182
0 0.536001 0.179887 0.065037 0.083473
0 0.657446 0.246092 0.059280 0.083331
0 0.725050 0.211525 0.051180 0.069843
0 0.223910 0.329816 0.064153 0.072232
0 0.379837 0.400558 0.110486 0.113601
0 0.365850 0.436090 0.105971 0.093487
0 0.223983 0.327738 0.057625 0.055789
0 0.340327 0.625278 0.168889 0.096082
0 0.765829 0.264093 0.054312 0.062118
0 0.352650 0.502217 0.118937 0.094921
0 0.674373 0.309005 0.062521 0.062980
0 0.377968 0.423959 0.116093 0.104571
0 0.355203 0.512793 0.142210 0.090555
0 0.348920 0.567237 0.162390 0.074343
