0 0.321575 0.769613 0.187786 0.168238
0 0.886891 0.409281 0.058331 0.081440
0 0.406382 0.245838 0.061016 0.092051
0 0.828105 0.348301 0.071362 0.072182
0 0.655476 0.245557 0.055836 0.082324
0 0.727380 0.210187 0.052472 0.068524
0 0.535598 0.171163 0.051918 0.070085
0 0.676294 0.306353 0.066533 0.069349
0 0.769453 0.264466 0.049777 0.056235
0 0.406991 0.382475 0.056319 0.085051
0 0.403565 0.476746 0.065959 0.104197
0 0.120750 0.442719 0.071233 0.084974
0 0.046105 0.562577 0.079190 0.141056
0 0.767769 0.273486 0.063995 0.069525
