0 0.321347 0.772564 0.199425 0.176028
0 0.666715 0.566173 0.140473 0.161664
0 0.408380 0.243032 0.058922 0.085566
0 0.888151 0.408786 0.059108 0.080766
0 0.829059 0.345900 0.069898 0.078910
0 0.655501 0.247651 0.057382 0.088729
0 0.724107 0.210297 0.049862 0.063743
0 0.535950 0.170253 0.056271 0.074365
0 0.175653 0.334824 0.050334 0.061575
0 0.767450 0.265771 0.048506 0.054976
0 0.114139 0.449478 0.071164 0.087476
0 0.046801 0.562097 0.077062 0.135583
0 0.333143 0.610692 0.164536 0.097823
0 0.676655 0.306070 0.067090 0.066911
