0 0.321335 0.765445 0.193163 0.163729
0 0.887266 0.409326 0.056589 0.080550
0 0.407649 0.238493 0.056501 0.075817
0 0.534408 0.169973 0.052245 0.072001
0 0.726544 0.211900 0.052063 0.068947
0 0.829490 0.351196 0.075509 0.073124
0 0.655702 0.246878 0.058439 0.080266
0 0.568809 0.257974 0.048643 0.092788
0 0.766536 0.265222 0.047127 0.058111
0 0.675553 0.307550 0.064306 0.065060
0 0.120182 0.439918 0.070817 0.076155
0 0.366183 0.438682 0.128036 0.096646
0 0.396617 0.309896 0.072683 0.082625
0 0.350053 0.532426 0.135913 0.105190
0 0.401428 0.383547 0.083767 0.090597
0 0.046983 0.562603 0.079953 0.138234
0 0.411795 0.412515 0.056532 0.099868
