0 0.312036 0.768823 0.195419 0.167787
0 0.592080 0.343141 0.076301 0.119235
0 0.887232 0.408567 0.059238 0.080568
0 0.831123 0.345702 0.068904 0.075741
0 0.722486 0.210959 0.046867 0.065843
0 0.658540 0.250237 0.058061 0.079530
0 0.536728 0.173198 0.060967 0.074012
0 0.221246 0.327886 0.060195 0.068374
0 0.766826 0.266334 0.049738 0.055393
0 0.676569 0.305203 0.063276 0.061613
0 0.389681 0.282526 0.077782 0.099871
0 0.121879 0.447513 0.068241 0.082733
0 0.379470 0.393121 0.094021 0.100824
0 0.339156 0.618594 0.187835 0.094661
