0 0.315444 0.774842 0.187387 0.174405
0 0.407714 0.243095 0.059481 0.087909
0 0.690071 0.631798 0.142230 0.183207
0 0.888229 0.409697 0.060924 0.081090
0 0.141260 0.650128 0.117200 0.130824
0 0.830272 0.345992 0.069313 0.074010
0 0.654168 0.249629 0.056124 0.082711
0 0.723774 0.212295 0.048049 0.063423
0 0.535256 0.174128 0.059271 0.078480
0 0.766067 0.264674 0.048016 0.056011
0 0.398672 0.462601 0.081818 0.118395
0 0.049227 0.559807 0.077131 0.128760
0 0.415424 0.327361 0.041698 0.097090
0 0.112037 0.449202 0.074565 0.098211
0 0.402372 0.445765 0.081407 0.100969
0 0.353678 0.537551 0.155984 0.115420
