0 0.314066 0.767198 0.206132 0.167399
0 0.680844 0.565186 0.110292 0.174909
0 0.407664 0.243639 0.060104 0.088251
0 0.887681 0.408834 0.058749 0.081271
0 0.831208 0.347657 0.065441 0.073491
0 0.725960 0.211373 0.051480 0.067788
0 0.538360 0.168634 0.056643 0.073195
0 0.656449 0.250160 0.054801 0.081141
0 0.183088 0.337402 0.054900 0.073150
0 0.766492 0.265604 0.048731 0.054346
0 0.407853 0.473879 0.068808 0.114004
0 0.115144 0.449046 0.070536 0.086807
0 0.040671 0.563814 0.080334 0.159438
0 0.398390 0.482545 0.077172 0.124315
0 0.176559 0.331297 0.061941 0.068700
0 0.676405 0.307206 0.063107 0.068191
0 0.269417 0.426475 0.107395 0.124612
