0 0.317604 0.768678 0.183996 0.168091
0 0.887101 0.408935 0.057208 0.081085
0 0.406060 0.239405 0.055656 0.078862
0 0.829207 0.348267 0.070026 0.073237
0 0.408741 0.403527 0.065148 0.132336
0 0.535895 0.169238 0.054101 0.071529
0 0.727094 0.212485 0.052035 0.068470
0 0.568129 0.240652 0.033164 0.091643
0 0.658992 0.246507 0.060076 0.083229
0 0.393753 0.315823 0.063314 0.087240
0 0.674733 0.307135 0.063298 0.064081
0 0.769319 0.267281 0.048807 0.056508
0 0.404790 0.391490 0.077710 0.105721
0 0.046887 0.562977 0.078366 0.138530
0 0.348493 0.533023 0.143908 0.107604
0 0.119203 0.440573 0.069174 0.078632
