0 0.311528 0.775146 0.184908 0.175886
0 0.584316 0.337985 0.063282 0.124500
0 0.887776 0.409846 0.058485 0.079112
0 0.831434 0.345723 0.071167 0.076280
0 0.379819 0.399804 0.111258 0.114057
0 0.656991 0.245060 0.058907 0.084921
0 0.537477 0.182204 0.061139 0.076601
0 0.724532 0.211258 0.051088 0.069484
0 0.223275 0.328313 0.063099 0.066741
0 0.363814 0.437250 0.101367 0.093981
0 0.675047 0.308103 0.062650 0.064987
0 0.344472 0.503058 0.115692 0.094117
0 0.766777 0.265137 0.049684 0.058300
0 0.375148 0.386280 0.095777 0.094121
0 0.377869 0.420914 0.111990 0.095516
0 0.335738 0.624942 0.176336 0.100533
0 0.347451 0.520009 0.133413 0.091775
0 0.033258 0.550868 0.066023 0.144955
0 0.341101 0.646151 0.195433 0.099207
