0 0.313165 0.773176 0.187058 0.176211
0 0.886817 0.407583 0.058646 0.081662
0 0.831040 0.345500 0.069575 0.077201
0 0.537688 0.171185 0.060295 0.072851
0 0.394616 0.283918 0.071110 0.120252
0 0.723738 0.212497 0.050586 0.069243
0 0.659374 0.249419 0.059614 0.088684
0 0.616398 0.464418 0.055408 0.133450
0 0.376359 0.403523 0.104753 0.117421
0 0.219140 0.326642 0.065500 0.067742
0 0.675329 0.305357 0.066475 0.063210
0 0.766243 0.266774 0.050357 0.056128
0 0.120126 0.445315 0.070662 0.082068
0 0.669570 0.291659 0.066512 0.068753
0 0.046252 0.559014 0.077991 0.135310
