0 0.318276 0.776321 0.191396 0.175031
0 0.887793 0.408097 0.060112 0.081911
0 0.655694 0.248321 0.057148 0.080303
0 0.833805 0.352195 0.059714 0.064892
0 0.414799 0.386917 0.054650 0.107298
0 0.723897 0.214616 0.046804 0.062413
0 0.539603 0.166611 0.060451 0.068418
0 0.683325 0.178110 0.043962 0.063247
0 0.114941 0.447106 0.072105 0.084832
0 0.340014 0.610457 0.169470 0.094022
0 0.675963 0.307165 0.062288 0.064140
0 0.531736 0.167281 0.048228 0.062401
0 0.046399 0.563346 0.079953 0.140944
0 0.760222 0.265773 0.043202 0.053988
0 0.409198 0.260292 0.048745 0.105321
