0 0.315899 0.773448 0.185190 0.173297
0 0.887411 0.407744 0.060357 0.082631
0 0.835085 0.348815 0.057870 0.068537
0 0.538673 0.165440 0.056297 0.073276
0 0.725138 0.217084 0.052812 0.065703
0 0.354959 0.506563 0.139620 0.106448
0 0.395460 0.250230 0.066705 0.095958
0 0.121364 0.444685 0.067836 0.077856
0 0.673516 0.310271 0.064860 0.061829
0 0.407934 0.252777 0.050659 0.096472
0 0.806046 0.282207 0.044346 0.060619
0 0.329553 0.497983 0.103432 0.088542
0 0.672035 0.296936 0.061222 0.079536
0 0.367894 0.442911 0.124588 0.091608
0 0.758455 0.265768 0.039187 0.051115
