0 0.313792 0.775393 0.187781 0.177066
0 0.886689 0.408160 0.058289 0.080701
0 0.830903 0.345698 0.069079 0.076985
0 0.539150 0.171819 0.064397 0.080221
0 0.722722 0.212059 0.050315 0.068603
0 0.659003 0.248979 0.059687 0.084104
0 0.614357 0.414629 0.065237 0.141018
0 0.217830 0.326391 0.064944 0.066425
0 0.675167 0.306494 0.067394 0.063168
0 0.374355 0.396137 0.092411 0.099021
0 0.766403 0.266978 0.050007 0.055597
0 0.394146 0.278590 0.064094 0.107460
0 0.120782 0.446623 0.070773 0.082181
0 0.046099 0.559243 0.077694 0.134048
0 0.668985 0.289698 0.068217 0.066326
