0 0.319935 0.772950 0.199220 0.177650
0 0.666824 0.567397 0.140678 0.167133
0 0.888290 0.409036 0.059237 0.079967
0 0.407754 0.243489 0.058080 0.086072
0 0.829938 0.345072 0.069302 0.078776
0 0.653547 0.248820 0.057578 0.086456
0 0.725264 0.210338 0.050416 0.066442
0 0.534548 0.171650 0.055762 0.072846
0 0.175402 0.335655 0.051128 0.063354
0 0.765318 0.263987 0.051883 0.060477
0 0.114015 0.450349 0.071466 0.088708
0 0.046411 0.562545 0.076529 0.136918
0 0.334067 0.610241 0.170973 0.097912
0 0.396807 0.490357 0.059164 0.105853
