0 0.313966 0.774169 0.192288 0.172792
0 0.590487 0.339556 0.074251 0.119761
0 0.886932 0.407847 0.058699 0.080123
0 0.830862 0.346311 0.068470 0.075406
0 0.540371 0.175650 0.066316 0.077548
0 0.216642 0.330369 0.061164 0.069860
0 0.656124 0.251116 0.054644 0.078198
0 0.386962 0.403550 0.097432 0.112219
0 0.723921 0.211324 0.049143 0.066182
0 0.677277 0.307851 0.065409 0.061599
0 0.767192 0.266527 0.051271 0.056376
0 0.342385 0.563518 0.163275 0.086019
0 0.338495 0.604513 0.177821 0.113298
0 0.380160 0.269787 0.058189 0.096389
0 0.388983 0.280252 0.080473 0.106671
