0 0.313781 0.769439 0.175080 0.173790
0 0.886666 0.408921 0.058206 0.082824
0 0.408236 0.244054 0.059190 0.086850
0 0.827940 0.348322 0.072161 0.071411
0 0.652419 0.247696 0.057412 0.079254
0 0.724813 0.211382 0.050533 0.068275
0 0.537033 0.172886 0.052345 0.070367
0 0.676325 0.305567 0.064451 0.069813
0 0.399408 0.501244 0.068091 0.124452
0 0.765959 0.263390 0.050228 0.060145
0 0.237700 0.620313 0.105774 0.120843
0 0.239075 0.647988 0.104093 0.151298
0 0.681829 0.177039 0.047427 0.062591
0 0.119455 0.444194 0.067271 0.080141
0 0.342539 0.608396 0.170406 0.134807
0 0.046736 0.562705 0.076543 0.139257
