0 0.315668 0.770735 0.179117 0.173584
0 0.597058 0.348305 0.058157 0.124520
0 0.887450 0.408483 0.056910 0.082356
0 0.536539 0.170418 0.060636 0.076437
0 0.727118 0.210539 0.051087 0.067663
0 0.406198 0.249900 0.058847 0.095629
0 0.825529 0.343906 0.076065 0.081041
0 0.656370 0.248104 0.057823 0.083798
0 0.149829 0.637949 0.114939 0.153080
0 0.401523 0.471961 0.074374 0.104571
0 0.763294 0.265373 0.049929 0.056501
0 0.829035 0.355709 0.072219 0.075380
0 0.675782 0.306453 0.064581 0.065918
0 0.233727 0.326097 0.057241 0.065273
0 0.413322 0.379495 0.058405 0.103086
0 0.816132 0.330040 0.061963 0.070436
0 0.114915 0.446137 0.073985 0.095389
