0 0.320097 0.770583 0.193738 0.168801
0 0.887379 0.408151 0.058339 0.081151
0 0.568439 0.290108 0.054083 0.104609
0 0.826492 0.341423 0.073037 0.081646
0 0.534632 0.168875 0.052261 0.071623
0 0.726597 0.211981 0.051359 0.067478
0 0.655923 0.247310 0.056726 0.081517
0 0.766762 0.265810 0.048481 0.058820
0 0.411053 0.386787 0.060826 0.125794
0 0.406699 0.242071 0.055749 0.082245
0 0.395264 0.306797 0.063737 0.072337
0 0.674482 0.305155 0.065931 0.068562
0 0.118841 0.446719 0.069603 0.088446
0 0.395073 0.503576 0.079945 0.114158
0 0.234101 0.325165 0.054238 0.061993
0 0.348517 0.538185 0.145560 0.111635
