0 0.320527 0.768260 0.183531 0.168813
0 0.886875 0.409247 0.058061 0.081681
0 0.828653 0.346761 0.070916 0.073502
0 0.405535 0.243896 0.061826 0.088368
0 0.726847 0.210804 0.051833 0.069647
0 0.534745 0.174125 0.054446 0.077373
0 0.656294 0.247433 0.055570 0.081461
0 0.675976 0.307744 0.064617 0.066368
0 0.769307 0.264804 0.049600 0.056689
0 0.354702 0.440906 0.101595 0.099985
0 0.396929 0.483626 0.073724 0.105119
0 0.047209 0.564020 0.078096 0.140503
0 0.120657 0.443297 0.070920 0.086970
0 0.769059 0.276082 0.062123 0.074166
