0 0.316447 0.775509 0.185253 0.170857
0 0.887368 0.408606 0.059266 0.082326
0 0.408021 0.244606 0.059044 0.086761
0 0.831010 0.349399 0.066809 0.070258
0 0.652858 0.246268 0.057882 0.079162
0 0.726145 0.211498 0.052901 0.067022
0 0.412719 0.387529 0.049596 0.109897
0 0.537551 0.168473 0.054310 0.070632
0 0.675633 0.304132 0.061248 0.068430
0 0.683916 0.177004 0.045301 0.056896
0 0.236257 0.655546 0.090657 0.114857
0 0.338964 0.529959 0.171273 0.123324
0 0.120996 0.444476 0.069851 0.080483
0 0.344870 0.584264 0.181221 0.120475
