0 0.314441 0.774849 0.186684 0.176552
0 0.590501 0.342179 0.080138 0.121768
0 0.887086 0.408364 0.058474 0.079660
0 0.830858 0.346000 0.068280 0.075087
0 0.539955 0.174256 0.064751 0.077405
0 0.656502 0.252438 0.054799 0.078370
0 0.217999 0.331201 0.062095 0.072826
0 0.723983 0.210293 0.049423 0.066158
0 0.380491 0.396022 0.102145 0.104598
0 0.767428 0.266806 0.051431 0.056233
0 0.380446 0.268881 0.056196 0.099587
0 0.342229 0.562786 0.167699 0.086627
0 0.357439 0.479538 0.136410 0.133642
0 0.389481 0.277611 0.079314 0.108235
0 0.677030 0.307374 0.061126 0.059391
0 0.331451 0.604427 0.172362 0.107759
0 0.351750 0.528622 0.144666 0.084601
