0 0.308419 0.769395 0.198507 0.167206
0 0.887875 0.408017 0.060305 0.081608
0 0.409675 0.244832 0.056566 0.085576
0 0.654492 0.247093 0.061173 0.083552
0 0.830004 0.350221 0.067093 0.067274
0 0.725692 0.213166 0.051667 0.067197
0 0.540343 0.167398 0.060279 0.073514
0 0.410553 0.388258 0.053077 0.101705
0 0.115315 0.443667 0.072093 0.079245
0 0.682556 0.178633 0.045830 0.062304
0 0.676663 0.309457 0.062358 0.059724
0 0.767285 0.264058 0.050200 0.061066
0 0.334259 0.431024 0.072407 0.092738
0 0.349610 0.511156 0.154135 0.113506
