0 0.308848 0.769132 0.191810 0.166253
0 0.666082 0.566277 0.138024 0.163380
0 0.888015 0.408620 0.059586 0.081117
0 0.831151 0.346433 0.069290 0.075421
0 0.407490 0.242216 0.059777 0.086186
0 0.652294 0.247400 0.054922 0.083303
0 0.725564 0.212451 0.050202 0.063879
0 0.182193 0.337064 0.056437 0.074480
0 0.534517 0.173698 0.051398 0.082245
0 0.767009 0.266466 0.049259 0.056115
0 0.113875 0.450401 0.072169 0.093719
0 0.047091 0.562554 0.079187 0.132292
0 0.174234 0.331848 0.064788 0.068260
0 0.676285 0.305880 0.066402 0.068585
