0 0.318420 0.770555 0.184562 0.171649
0 0.594310 0.336368 0.048082 0.111761
0 0.887382 0.408472 0.056992 0.082040
0 0.538699 0.169278 0.058002 0.073881
0 0.825131 0.344823 0.076431 0.089821
0 0.727086 0.212524 0.051788 0.067842
0 0.408319 0.245759 0.061091 0.087386
0 0.656637 0.246407 0.056655 0.081380
0 0.393914 0.493993 0.076717 0.126412
0 0.766432 0.265146 0.047791 0.058259
0 0.333186 0.617780 0.172964 0.103789
0 0.675494 0.306942 0.064741 0.066455
0 0.398819 0.377432 0.084988 0.092847
0 0.041806 0.558882 0.082450 0.150798
