0 0.311141 0.773831 0.188427 0.178241
0 0.887424 0.408240 0.058962 0.080182
0 0.831087 0.347291 0.069347 0.075446
0 0.362647 0.437709 0.096391 0.094429
0 0.656268 0.246841 0.061119 0.083292
0 0.598903 0.337540 0.050638 0.114321
0 0.380812 0.390753 0.100274 0.101712
0 0.355112 0.243441 0.035859 0.089426
0 0.537682 0.175669 0.059125 0.075316
0 0.724185 0.212321 0.049565 0.067010
0 0.225665 0.448121 0.088845 0.102147
0 0.221317 0.328279 0.063998 0.069640
0 0.677318 0.309338 0.062485 0.062859
0 0.377474 0.422326 0.111863 0.099209
0 0.342626 0.516486 0.137846 0.097405
0 0.329151 0.621464 0.171594 0.102871
0 0.764384 0.264089 0.054151 0.061229
0 0.118317 0.442950 0.067728 0.079587
0 0.045633 0.560607 0.078058 0.135143
