0 0.308979 0.768656 0.197828 0.170678
0 0.680320 0.566344 0.108915 0.178979
0 0.888134 0.409387 0.059415 0.081543
0 0.407919 0.242981 0.058058 0.085761
0 0.831044 0.347272 0.065916 0.073699
0 0.656127 0.249475 0.055502 0.082001
0 0.537336 0.169692 0.057320 0.072638
0 0.727507 0.211337 0.052824 0.067570
0 0.286265 0.429722 0.076813 0.128159
0 0.180209 0.341316 0.058924 0.079419
0 0.115754 0.450294 0.070976 0.087357
0 0.761996 0.266668 0.046592 0.056097
0 0.335209 0.611387 0.175320 0.098575
0 0.676466 0.305873 0.068102 0.068617
