0 0.314145 0.771093 0.181170 0.170201
0 0.887085 0.409363 0.057891 0.081520
0 0.828702 0.347449 0.070488 0.072011
0 0.406620 0.239695 0.056695 0.078954
0 0.727534 0.211190 0.051726 0.067579
0 0.535437 0.178020 0.057085 0.085957
0 0.657713 0.248373 0.055551 0.081282
0 0.768869 0.264724 0.048852 0.055981
0 0.675523 0.309446 0.063934 0.063191
0 0.119661 0.442868 0.068767 0.081725
0 0.047164 0.562921 0.077664 0.136544
0 0.409532 0.407681 0.050436 0.110578
0 0.350215 0.439672 0.092403 0.096463
0 0.404739 0.253380 0.058400 0.098652
0 0.405464 0.385314 0.072260 0.111490
