0 0.311601 0.774200 0.193932 0.176077
0 0.886589 0.407672 0.058213 0.081796
0 0.831124 0.346413 0.067926 0.075159
0 0.656761 0.249863 0.062143 0.086629
0 0.724610 0.214528 0.047618 0.063620
0 0.535987 0.170881 0.055485 0.068543
0 0.043141 0.564588 0.085271 0.163245
0 0.764603 0.263795 0.053170 0.060888
0 0.402210 0.478407 0.067245 0.118360
0 0.398274 0.319771 0.067341 0.084670
0 0.351954 0.531657 0.142119 0.105735
0 0.675473 0.305916 0.064538 0.062015
0 0.403813 0.466950 0.077342 0.090156
0 0.119923 0.445051 0.065943 0.074040
