0 0.321500 0.770580 0.194940 0.173776
0 0.681121 0.557171 0.111027 0.166833
0 0.887720 0.408644 0.058664 0.081036
0 0.407901 0.242578 0.056985 0.084729
0 0.831432 0.344937 0.064081 0.074703
0 0.536441 0.172496 0.061104 0.076655
0 0.725087 0.209665 0.051944 0.068483
0 0.657687 0.247920 0.057754 0.085979
0 0.764277 0.263363 0.052113 0.061193
0 0.180631 0.337331 0.053614 0.073491
0 0.042125 0.561970 0.081816 0.138960
0 0.325959 0.609830 0.157187 0.104730
0 0.676580 0.307742 0.066174 0.065735
0 0.310487 0.425542 0.072239 0.112844
