0 0.317609 0.771952 0.184786 0.170153
0 0.886887 0.408933 0.057218 0.080963
0 0.828519 0.348487 0.069623 0.073024
0 0.406103 0.239714 0.056814 0.080644
0 0.726894 0.212039 0.051939 0.068158
0 0.400214 0.479737 0.078208 0.100332
0 0.535354 0.169915 0.052195 0.070612
0 0.657566 0.245854 0.058774 0.082241
0 0.675298 0.307281 0.062710 0.064235
0 0.561474 0.237017 0.048634 0.075294
0 0.768829 0.265433 0.048495 0.056146
0 0.555041 0.230195 0.039620 0.073641
0 0.398061 0.308217 0.071613 0.076749
0 0.352149 0.534060 0.150269 0.112345
