0 0.887071 0.408695 0.058973 0.081663
0 0.407680 0.244953 0.059328 0.088686
0 0.828643 0.347795 0.072886 0.074563
0 0.652161 0.247650 0.057248 0.079815
0 0.303231 0.762323 0.210097 0.157792
0 0.725025 0.209912 0.051842 0.067060
0 0.389984 0.327272 0.079419 0.088527
0 0.766604 0.266898 0.047832 0.058605
0 0.388579 0.497900 0.068330 0.115189
0 0.536604 0.169641 0.052888 0.071131
0 0.359908 0.442446 0.124669 0.089807
0 0.676644 0.305125 0.064903 0.070040
0 0.681754 0.176511 0.046547 0.061455
0 0.394149 0.340606 0.078684 0.088243
0 0.046220 0.561345 0.077574 0.135016
0 0.119890 0.443315 0.067816 0.078058
0 0.402101 0.375923 0.074883 0.078887
0 0.231874 0.323820 0.053816 0.059117
0 0.236060 0.654729 0.081369 0.098988
