0 0.317248 0.777516 0.192399 0.171083
0 0.887602 0.408359 0.060457 0.082172
0 0.834586 0.351439 0.058548 0.064780
0 0.653728 0.246829 0.059296 0.082916
0 0.726031 0.212903 0.051202 0.068190
0 0.540714 0.165999 0.060405 0.070219
0 0.400811 0.251148 0.067026 0.099633
0 0.411421 0.385777 0.057036 0.105491
0 0.676335 0.307509 0.063304 0.064915
0 0.239801 0.633651 0.096151 0.130190
0 0.239214 0.657304 0.092870 0.131630
0 0.682902 0.177785 0.044602 0.062960
0 0.115826 0.446600 0.073554 0.083220
0 0.760714 0.266041 0.042721 0.052624
0 0.347589 0.531506 0.167815 0.137363
0 0.432040 0.143536 0.041020 0.066344
