0 0.318679 0.769785 0.195711 0.174350
0 0.665273 0.565529 0.141803 0.159851
0 0.888019 0.409598 0.059806 0.080808
0 0.408019 0.243075 0.060128 0.086403
0 0.830487 0.345370 0.068861 0.075787
0 0.657382 0.249003 0.059388 0.085070
0 0.724128 0.212283 0.050067 0.065602
0 0.766537 0.264675 0.049520 0.057308
0 0.376753 0.372629 0.102094 0.106149
0 0.535822 0.171571 0.055699 0.070926
0 0.344513 0.535533 0.146515 0.109923
0 0.327398 0.618790 0.166703 0.098960
0 0.394385 0.482917 0.061125 0.097574
0 0.045874 0.565151 0.080508 0.137123
