0 0.313840 0.774389 0.194936 0.178455
0 0.886392 0.408561 0.057276 0.080552
0 0.830777 0.346136 0.069285 0.075120
0 0.235100 0.467674 0.096899 0.145203
0 0.657319 0.246633 0.060380 0.082601
0 0.723960 0.211884 0.050587 0.068468
0 0.537682 0.179922 0.057355 0.074122
0 0.677521 0.308706 0.064791 0.065379
0 0.597125 0.347049 0.054117 0.111723
0 0.379423 0.411677 0.112690 0.109649
0 0.387158 0.391949 0.097509 0.099375
0 0.391373 0.283337 0.077225 0.106339
0 0.119131 0.444004 0.068043 0.081606
0 0.765404 0.265839 0.052175 0.055455
0 0.599505 0.333042 0.045894 0.112650
0 0.335226 0.614854 0.168209 0.085991
0 0.046426 0.559401 0.077830 0.135577
0 0.367617 0.436600 0.113777 0.100866
0 0.340127 0.564909 0.152750 0.094360
