0 0.316033 0.774226 0.184685 0.175638
0 0.887352 0.407696 0.058636 0.080205
0 0.539263 0.173414 0.059102 0.074447
0 0.831454 0.345622 0.068659 0.075474
0 0.654123 0.248258 0.058392 0.086003
0 0.723725 0.211328 0.050098 0.069406
0 0.766634 0.266806 0.050011 0.055479
0 0.392849 0.276316 0.061035 0.094175
0 0.376436 0.405302 0.106289 0.126459
0 0.399506 0.290925 0.053128 0.103643
0 0.166484 0.375904 0.059038 0.105825
0 0.677041 0.305351 0.067469 0.066704
0 0.348414 0.527611 0.137684 0.101225
0 0.122516 0.446079 0.067530 0.074248
