0 0.315050 0.775393 0.184571 0.170301
0 0.888421 0.408072 0.059946 0.081747
0 0.830886 0.346631 0.068416 0.076492
0 0.407201 0.244537 0.062081 0.089126
0 0.632319 0.454140 0.075290 0.162820
0 0.726638 0.212484 0.055702 0.072789
0 0.537845 0.169956 0.060011 0.076075
0 0.674603 0.307149 0.066583 0.069694
0 0.660083 0.248313 0.057946 0.084149
0 0.774700 0.289888 0.058113 0.061382
0 0.772362 0.277497 0.050714 0.068268
0 0.328172 0.615661 0.161610 0.114341
0 0.316545 0.377266 0.069385 0.102397
0 0.039369 0.555343 0.078065 0.159053
