0 0.320559 0.771719 0.197523 0.174833
0 0.591218 0.342986 0.079402 0.124119
0 0.886588 0.408528 0.057187 0.079931
0 0.830817 0.346130 0.068739 0.075297
0 0.538551 0.175205 0.062035 0.080216
0 0.222431 0.329590 0.053205 0.055300
0 0.381055 0.402316 0.110104 0.113550
0 0.657836 0.250402 0.060492 0.078862
0 0.723980 0.209128 0.049221 0.067498
0 0.221618 0.335278 0.057849 0.073828
0 0.677604 0.307633 0.061923 0.059067
0 0.766701 0.266791 0.050412 0.055007
0 0.339407 0.564831 0.161717 0.086261
0 0.339504 0.608590 0.182244 0.105978
0 0.122478 0.449540 0.070063 0.086751
0 0.348392 0.524245 0.135374 0.091926
0 0.378350 0.269622 0.061288 0.095873
0 0.387469 0.278644 0.079027 0.104197
0 0.393224 0.406141 0.080133 0.120384
