0 0.314933 0.775501 0.187773 0.175922
0 0.887490 0.408315 0.059411 0.081064
0 0.831166 0.345870 0.069535 0.076064
0 0.653997 0.249218 0.057804 0.085551
0 0.538077 0.172593 0.059443 0.075754
0 0.723938 0.212310 0.050631 0.068695
0 0.214396 0.330217 0.058855 0.060073
0 0.616335 0.466087 0.056444 0.136755
0 0.380665 0.395616 0.098813 0.098286
0 0.766835 0.266512 0.049334 0.055613
0 0.395065 0.491850 0.063766 0.103603
0 0.676657 0.300451 0.067037 0.069344
0 0.394597 0.287235 0.063392 0.104964
0 0.347317 0.533369 0.152322 0.112201
0 0.047195 0.557919 0.076735 0.132085
0 0.119979 0.445844 0.069783 0.082290
