0 0.311963 0.775556 0.189228 0.176127
0 0.589781 0.341199 0.074652 0.124311
0 0.886449 0.409017 0.057185 0.080695
0 0.831077 0.345880 0.068057 0.074278
0 0.266207 0.484354 0.074567 0.140469
0 0.535609 0.181627 0.061213 0.079729
0 0.216747 0.328741 0.060443 0.067209
0 0.656020 0.250330 0.055797 0.079251
0 0.725105 0.210009 0.050451 0.069043
0 0.675336 0.307573 0.061977 0.069451
0 0.386249 0.393027 0.098515 0.100781
0 0.767327 0.266174 0.050344 0.055218
0 0.337128 0.614193 0.198194 0.095492
0 0.367140 0.443106 0.112347 0.128618
0 0.377866 0.404703 0.113904 0.103995
0 0.381578 0.269088 0.060742 0.098814
0 0.335482 0.598276 0.174440 0.119578
0 0.040780 0.556381 0.080401 0.147715
0 0.345982 0.568254 0.167547 0.084978
0 0.389369 0.280059 0.081604 0.111094
0 0.370966 0.423743 0.122826 0.110822
0 0.360738 0.481095 0.111973 0.107969
