0 0.309959 0.774569 0.183746 0.177457
0 0.586072 0.339357 0.067145 0.125539
0 0.888021 0.408673 0.059136 0.079465
0 0.361525 0.437143 0.098186 0.095738
0 0.831458 0.348017 0.068848 0.075178
0 0.657258 0.245985 0.058455 0.082892
0 0.538602 0.180123 0.061327 0.077682
0 0.380528 0.400488 0.109250 0.112909
0 0.725039 0.212513 0.050728 0.069157
0 0.223263 0.329842 0.062318 0.072008
0 0.674847 0.308949 0.064256 0.064533
0 0.335801 0.625137 0.171001 0.101531
0 0.351570 0.510770 0.116307 0.101009
0 0.765448 0.264308 0.054549 0.062321
0 0.224032 0.327710 0.057101 0.054925
0 0.048487 0.569775 0.089742 0.151703
0 0.378340 0.418519 0.113226 0.104456
0 0.121690 0.446937 0.071637 0.082591
0 0.341882 0.640819 0.185219 0.109618
