0 0.312200 0.774448 0.191120 0.176529
0 0.591484 0.336923 0.067910 0.122148
0 0.886742 0.407552 0.059028 0.080297
0 0.830865 0.346315 0.068409 0.074561
0 0.654469 0.249141 0.057184 0.081484
0 0.535785 0.178469 0.061291 0.080632
0 0.724465 0.210569 0.051227 0.069421
0 0.387017 0.275143 0.075099 0.105529
0 0.332621 0.614826 0.174434 0.090427
0 0.378704 0.403298 0.110210 0.110642
0 0.676048 0.306266 0.061970 0.072531
0 0.214316 0.331506 0.063467 0.075708
0 0.383747 0.391423 0.094707 0.097915
0 0.767404 0.266590 0.050139 0.055211
0 0.374948 0.420668 0.115653 0.114291
0 0.121457 0.443488 0.066416 0.077914
0 0.041272 0.558130 0.081185 0.145470
0 0.366388 0.442422 0.111444 0.117321
0 0.339734 0.564157 0.155777 0.088726
