0 0.318539 0.762621 0.198820 0.163126
0 0.887332 0.408835 0.057176 0.081565
0 0.831953 0.348014 0.066693 0.073583
0 0.626625 0.438906 0.068555 0.154795
0 0.727180 0.212521 0.053821 0.072122
0 0.538227 0.169937 0.062346 0.075644
0 0.402583 0.314393 0.071886 0.083870
0 0.657620 0.246584 0.059990 0.083718
0 0.676553 0.307348 0.067514 0.069116
0 0.765975 0.263466 0.052064 0.060416
0 0.364031 0.438246 0.133749 0.099141
0 0.825875 0.339739 0.073719 0.072029
0 0.405457 0.246839 0.066933 0.093315
0 0.235566 0.326067 0.058274 0.063895
