0 0.311906 0.762759 0.197780 0.164262
0 0.887066 0.408981 0.057206 0.081787
0 0.832390 0.349713 0.062220 0.068133
0 0.538490 0.167939 0.058028 0.070043
0 0.654629 0.251296 0.046746 0.073204
0 0.724906 0.216685 0.050909 0.064744
0 0.676281 0.305835 0.065965 0.065481
0 0.324323 0.495917 0.082667 0.098641
0 0.393986 0.249988 0.075892 0.095639
0 0.413885 0.340154 0.055160 0.104682
0 0.758270 0.266160 0.039545 0.051968
0 0.118992 0.444432 0.076090 0.078950
0 0.358209 0.500905 0.143988 0.100150
0 0.806681 0.279555 0.042004 0.054672
