0 0.311722 0.771453 0.180338 0.174261
0 0.668760 0.566976 0.139914 0.165490
0 0.888668 0.409775 0.060016 0.080366
0 0.408817 0.242392 0.058340 0.084492
0 0.831570 0.345677 0.069128 0.075766
0 0.655472 0.247694 0.057179 0.084732
0 0.722805 0.211456 0.049960 0.065914
0 0.534798 0.171277 0.051569 0.075292
0 0.766196 0.265363 0.048686 0.056580
0 0.378519 0.382617 0.098935 0.124744
0 0.181962 0.332530 0.054384 0.066761
0 0.113870 0.450400 0.072898 0.087777
0 0.675344 0.307164 0.065624 0.067081
0 0.048278 0.564018 0.078356 0.136767
0 0.390976 0.431344 0.097665 0.104168
