0 0.315749 0.774915 0.197153 0.177700
0 0.887787 0.409553 0.059317 0.079359
0 0.831206 0.346805 0.068325 0.075524
0 0.595224 0.339316 0.064088 0.116619
0 0.656580 0.247351 0.059962 0.082761
0 0.537262 0.176022 0.059636 0.076718
0 0.381269 0.399551 0.113232 0.114894
0 0.219171 0.329174 0.062822 0.067300
0 0.724215 0.211868 0.048751 0.066262
0 0.222119 0.462205 0.086838 0.144532
0 0.376423 0.386425 0.094506 0.095500
0 0.676189 0.307795 0.061613 0.063169
0 0.373345 0.443589 0.110954 0.097095
0 0.379851 0.424198 0.116004 0.105919
0 0.764507 0.264979 0.051545 0.056394
0 0.344983 0.610878 0.177890 0.096512
0 0.357404 0.514797 0.135959 0.081986
0 0.119991 0.445414 0.068145 0.082561
0 0.045046 0.558335 0.077500 0.133489
0 0.367467 0.496058 0.110987 0.084330
0 0.338569 0.626339 0.163460 0.102498
