0 0.312503 0.769447 0.181377 0.168617
0 0.680993 0.566984 0.112200 0.176836
0 0.407845 0.243658 0.057715 0.087402
0 0.887895 0.409122 0.059122 0.080829
0 0.831201 0.347511 0.065371 0.072725
0 0.289539 0.423913 0.059299 0.127282
0 0.655242 0.248041 0.055172 0.084242
0 0.534808 0.169718 0.054015 0.072732
0 0.165133 0.375381 0.065666 0.124694
0 0.725166 0.211242 0.053188 0.068046
0 0.115924 0.450563 0.070503 0.085692
0 0.762906 0.266952 0.046787 0.056201
0 0.716961 0.205483 0.061558 0.072004
0 0.676759 0.307681 0.065844 0.071077
