0 0.322071 0.766058 0.194315 0.164018
0 0.887386 0.409180 0.057162 0.081081
0 0.407506 0.241444 0.058334 0.083776
0 0.534313 0.168835 0.050971 0.070779
0 0.826588 0.344418 0.076767 0.084759
0 0.726048 0.211580 0.050659 0.068570
0 0.565038 0.268606 0.049249 0.092712
0 0.411367 0.388703 0.061040 0.123181
0 0.766719 0.265409 0.047962 0.058756
0 0.656563 0.245203 0.060451 0.084089
0 0.395421 0.310148 0.063654 0.083278
0 0.675106 0.304552 0.065836 0.069455
0 0.344002 0.533913 0.122338 0.108581
0 0.120662 0.440999 0.070890 0.078415
0 0.341325 0.556494 0.134265 0.116297
