0 0.315786 0.771243 0.184681 0.169989
0 0.678002 0.555370 0.119345 0.165784
0 0.887883 0.408129 0.058790 0.081502
0 0.407868 0.243801 0.059549 0.087154
0 0.830265 0.346428 0.067590 0.073332
0 0.725332 0.208839 0.052705 0.068214
0 0.657816 0.248064 0.059720 0.086135
0 0.042763 0.563608 0.083694 0.148593
0 0.765664 0.264333 0.049233 0.057995
0 0.534510 0.170212 0.056145 0.073162
0 0.182836 0.335100 0.053936 0.069001
0 0.354114 0.451133 0.099323 0.096505
0 0.675110 0.308416 0.064407 0.061791
0 0.399013 0.476519 0.067581 0.103847
0 0.332889 0.611985 0.171182 0.100649
