0 0.312235 0.766979 0.192379 0.167119
0 0.591568 0.343753 0.077508 0.121081
0 0.886663 0.408623 0.057078 0.079977
0 0.830953 0.346017 0.068924 0.075516
0 0.538029 0.172403 0.059237 0.074684
0 0.723182 0.210884 0.046807 0.065291
0 0.657902 0.248663 0.058109 0.079081
0 0.223432 0.328788 0.056315 0.066275
0 0.391520 0.279774 0.071301 0.109286
0 0.677194 0.304999 0.064278 0.064688
0 0.766983 0.266707 0.050163 0.055570
0 0.380472 0.396444 0.101971 0.105453
0 0.347554 0.562721 0.151774 0.088377
0 0.340713 0.613717 0.165512 0.084471
0 0.121510 0.447830 0.070402 0.084412
0 0.351746 0.527352 0.139493 0.088813
0 0.354312 0.481664 0.135442 0.108460
