0 0.312582 0.772169 0.195398 0.172582
0 0.887887 0.408416 0.059608 0.083076
0 0.406143 0.247210 0.061578 0.092985
0 0.830172 0.349236 0.069199 0.072203
0 0.656753 0.248740 0.054948 0.081876
0 0.725655 0.211614 0.049594 0.067285
0 0.675550 0.307613 0.067542 0.069907
0 0.543261 0.167699 0.064994 0.074644
0 0.411446 0.388352 0.052902 0.098699
0 0.766225 0.263332 0.049266 0.059269
0 0.405664 0.374876 0.076997 0.090507
0 0.681562 0.175632 0.046129 0.056755
0 0.343154 0.624981 0.188140 0.095768
0 0.339692 0.644675 0.198571 0.109658
0 0.045973 0.564274 0.077542 0.147955
