0 0.309112 0.772466 0.184209 0.174295
0 0.409092 0.243663 0.061089 0.088484
0 0.830466 0.345919 0.069081 0.075580
0 0.885634 0.407296 0.057088 0.082680
0 0.655335 0.250931 0.056670 0.084453
0 0.723507 0.208400 0.048086 0.066776
0 0.397203 0.467023 0.079010 0.121459
0 0.537192 0.170756 0.058343 0.075322
0 0.764374 0.263551 0.053247 0.060214
0 0.719340 0.619439 0.100183 0.148941
0 0.060282 0.562363 0.072967 0.142383
0 0.405512 0.457419 0.073629 0.110670
0 0.722667 0.646345 0.099085 0.183851
0 0.101886 0.632677 0.078634 0.142851
0 0.044379 0.557704 0.086052 0.143597
0 0.116298 0.443828 0.066974 0.075622
