0 0.313550 0.761955 0.193146 0.167403
0 0.667651 0.568191 0.135747 0.164772
0 0.408722 0.243592 0.058451 0.087030
0 0.888519 0.408669 0.059812 0.080733
0 0.830824 0.345940 0.068983 0.075749
0 0.724667 0.210897 0.052337 0.066557
0 0.656538 0.249426 0.056105 0.085607
0 0.766320 0.265126 0.049303 0.057310
0 0.129337 0.599877 0.094096 0.131021
0 0.536735 0.170884 0.057014 0.072380
0 0.379724 0.372635 0.107419 0.104734
0 0.183758 0.329177 0.053038 0.061447
0 0.115019 0.448951 0.070731 0.089241
0 0.050994 0.559679 0.070920 0.125030
