0 0.307822 0.772612 0.179893 0.175487
0 0.583547 0.340271 0.068674 0.126666
0 0.887830 0.409397 0.058653 0.079241
0 0.364871 0.436432 0.105860 0.093151
0 0.831305 0.347897 0.068842 0.075104
0 0.657457 0.245348 0.059751 0.084154
0 0.538645 0.177588 0.062172 0.083481
0 0.380726 0.396159 0.111056 0.110372
0 0.724869 0.211223 0.051182 0.069614
0 0.223523 0.330636 0.063187 0.075364
0 0.352155 0.503287 0.114316 0.094388
0 0.765535 0.263542 0.054475 0.062514
0 0.674957 0.308377 0.065546 0.066106
0 0.336307 0.625958 0.158629 0.095503
0 0.378562 0.419540 0.115702 0.101169
0 0.224316 0.327829 0.057872 0.056472
0 0.351404 0.516206 0.127016 0.093481
0 0.347441 0.558725 0.151612 0.075084
0 0.345442 0.643637 0.181065 0.099607
