0 0.317550 0.769722 0.180978 0.171482
0 0.406950 0.245562 0.062146 0.092495
0 0.887485 0.407796 0.059476 0.082921
0 0.827681 0.347925 0.072625 0.072124
0 0.403601 0.464725 0.073849 0.115231
0 0.653288 0.247266 0.057383 0.081792
0 0.725082 0.212571 0.050088 0.063433
0 0.326127 0.356105 0.049377 0.095945
0 0.676679 0.307402 0.067171 0.069708
0 0.541163 0.168461 0.061969 0.071795
0 0.681438 0.176737 0.046903 0.062252
0 0.344227 0.438020 0.079967 0.094483
0 0.766404 0.264351 0.050823 0.059960
0 0.045915 0.564156 0.078377 0.146531
0 0.404609 0.446787 0.076738 0.102536
0 0.354965 0.433571 0.108297 0.085088
0 0.279588 0.502651 0.091633 0.156070
