0 0.317686 0.776044 0.187565 0.172605
0 0.886949 0.409230 0.056722 0.081513
0 0.832936 0.353111 0.061065 0.064317
0 0.728185 0.213893 0.049569 0.065082
0 0.657264 0.249475 0.054661 0.079588
0 0.541392 0.166255 0.059800 0.068323
0 0.389508 0.253407 0.079655 0.101348
0 0.400914 0.257814 0.067098 0.107883
0 0.372247 0.428603 0.127484 0.088301
0 0.675843 0.308351 0.064637 0.062720
0 0.682710 0.177671 0.043722 0.062624
0 0.114749 0.449457 0.071812 0.086325
0 0.394208 0.497539 0.064252 0.109913
0 0.046646 0.557872 0.079009 0.132410
0 0.431916 0.143605 0.042689 0.067116
0 0.237963 0.630026 0.087340 0.118663
0 0.757607 0.267106 0.040803 0.051886
