0 0.311310 0.776199 0.183825 0.170249
0 0.887226 0.407744 0.059375 0.083494
0 0.834373 0.348203 0.058623 0.068833
0 0.725510 0.216642 0.053169 0.064677
0 0.674508 0.307586 0.066766 0.064546
0 0.537200 0.165903 0.051914 0.071159
0 0.122045 0.441560 0.067006 0.074835
0 0.328871 0.496653 0.092029 0.087827
0 0.358191 0.504940 0.141968 0.104939
0 0.806149 0.282172 0.043265 0.060283
0 0.672824 0.296369 0.062789 0.078931
0 0.395057 0.251093 0.065140 0.097981
0 0.403734 0.259234 0.059436 0.103588
0 0.432337 0.142966 0.039670 0.065231
0 0.758189 0.266113 0.038540 0.050902
