0 0.317724 0.761162 0.195916 0.158570
0 0.887263 0.409014 0.057011 0.081289
0 0.618683 0.418937 0.062732 0.134893
0 0.727390 0.212733 0.052961 0.070108
0 0.537095 0.169746 0.059351 0.072790
0 0.834180 0.351660 0.062129 0.065745
0 0.826611 0.342915 0.077811 0.073470
0 0.397946 0.489255 0.080229 0.119176
0 0.403505 0.320685 0.070905 0.093217
0 0.657154 0.247653 0.055993 0.080679
0 0.675516 0.302795 0.068152 0.071711
0 0.360851 0.439993 0.128068 0.116770
0 0.764748 0.264774 0.049476 0.054272
0 0.353328 0.437428 0.103664 0.096954
0 0.670506 0.294680 0.069393 0.062429
0 0.812808 0.330840 0.062026 0.071564
0 0.088404 0.626201 0.083714 0.163847
