0 0.317693 0.768551 0.184443 0.173229
0 0.888293 0.408138 0.058978 0.082291
0 0.148805 0.640852 0.110691 0.151118
0 0.827416 0.350792 0.073879 0.072945
0 0.405302 0.250923 0.065486 0.100551
0 0.727325 0.211810 0.051707 0.068511
0 0.537420 0.170851 0.061740 0.075782
0 0.594098 0.363003 0.063486 0.116029
0 0.656854 0.247756 0.057351 0.082347
0 0.401494 0.470435 0.071637 0.104925
0 0.675611 0.307237 0.064252 0.066769
0 0.399507 0.305747 0.073654 0.069292
0 0.763385 0.264987 0.049313 0.054874
0 0.346575 0.433249 0.105572 0.104352
0 0.406339 0.380696 0.070494 0.090257
0 0.044687 0.560052 0.076148 0.133653
