0 0.313837 0.773473 0.180549 0.168717
0 0.888260 0.408973 0.059980 0.080815
0 0.404899 0.244024 0.065789 0.090106
0 0.624454 0.438607 0.073228 0.164163
0 0.725668 0.213169 0.052882 0.070989
0 0.832678 0.347738 0.065399 0.069281
0 0.538264 0.170405 0.059735 0.074682
0 0.146226 0.438387 0.069781 0.090691
0 0.662137 0.245894 0.063263 0.084317
0 0.676835 0.307858 0.066037 0.066931
0 0.764750 0.263596 0.052817 0.059725
0 0.380878 0.353934 0.117768 0.108545
0 0.828169 0.337937 0.069662 0.067336
0 0.671075 0.298302 0.065264 0.065130
0 0.362054 0.444100 0.137384 0.116890
