0 0.886737 0.409019 0.058730 0.082595
0 0.305970 0.770877 0.207320 0.160899
0 0.834517 0.346787 0.059070 0.071826
0 0.410500 0.245965 0.056038 0.085380
0 0.725666 0.212785 0.051541 0.065948
0 0.538324 0.167253 0.057483 0.070877
0 0.655643 0.246801 0.057523 0.081658
0 0.116179 0.445292 0.072452 0.081627
0 0.676321 0.308359 0.062023 0.063743
0 0.764645 0.263272 0.050278 0.059694
0 0.045690 0.560087 0.076619 0.135742
0 0.334965 0.433405 0.072974 0.094534
0 0.683064 0.177938 0.044208 0.061969
0 0.829096 0.352128 0.074038 0.079716
