0 0.318401 0.770901 0.183459 0.173409
0 0.887048 0.408768 0.057374 0.080643
0 0.828097 0.348079 0.071411 0.072610
0 0.727495 0.212515 0.052194 0.067892
0 0.407314 0.243447 0.058946 0.088629
0 0.401049 0.472160 0.073790 0.111937
0 0.675669 0.305923 0.063407 0.068995
0 0.534443 0.177586 0.049560 0.082768
0 0.659908 0.248872 0.055399 0.080288
0 0.768652 0.265170 0.047917 0.055754
0 0.538801 0.212056 0.047049 0.071990
0 0.536731 0.190570 0.051647 0.095508
0 0.413828 0.380414 0.056623 0.118261
0 0.046544 0.563174 0.080364 0.141305
