0 0.313279 0.774751 0.187438 0.173637
0 0.887443 0.408749 0.059697 0.082272
0 0.831007 0.349328 0.067101 0.070082
0 0.653051 0.246739 0.058632 0.081111
0 0.725981 0.217159 0.050131 0.063638
0 0.407722 0.244215 0.061830 0.086074
0 0.538676 0.168072 0.061072 0.070297
0 0.683948 0.178355 0.047032 0.063017
0 0.676105 0.307165 0.060979 0.063542
0 0.117229 0.440337 0.075113 0.077271
0 0.046875 0.557730 0.075702 0.131499
0 0.235936 0.635186 0.095459 0.133585
0 0.337769 0.609982 0.164919 0.104569
0 0.346313 0.510699 0.152137 0.110617
0 0.769775 0.262154 0.049928 0.060255
