0 0.314937 0.770893 0.184119 0.169544
0 0.407116 0.241656 0.056810 0.085065
0 0.409991 0.387586 0.057934 0.131593
0 0.888217 0.408011 0.059738 0.081709
0 0.831585 0.346248 0.067192 0.076513
0 0.275214 0.415414 0.083432 0.122147
0 0.637375 0.484038 0.076857 0.161436
0 0.536374 0.170762 0.059660 0.077215
0 0.766193 0.270488 0.056271 0.061654
0 0.656820 0.248643 0.056628 0.083627
0 0.726687 0.211240 0.056120 0.071050
0 0.675767 0.306047 0.067079 0.070330
0 0.117561 0.446318 0.073185 0.085310
0 0.042357 0.554440 0.083816 0.161151
