0 0.314885 0.773597 0.191457 0.175053
0 0.887666 0.410141 0.059251 0.079800
0 0.831158 0.346460 0.068860 0.075717
0 0.656923 0.246097 0.059965 0.083188
0 0.591851 0.342826 0.062625 0.121604
0 0.379448 0.398866 0.110932 0.113423
0 0.538931 0.174584 0.055595 0.075231
0 0.724393 0.212699 0.050449 0.066328
0 0.221106 0.328425 0.060222 0.064731
0 0.676396 0.308291 0.061796 0.064398
0 0.371131 0.442364 0.108799 0.096228
0 0.222642 0.445311 0.085831 0.117416
0 0.765192 0.264739 0.051264 0.056757
0 0.377762 0.422100 0.115641 0.104286
0 0.376118 0.386855 0.095331 0.095595
0 0.354641 0.517211 0.134005 0.084825
0 0.121156 0.445550 0.069741 0.078735
0 0.343700 0.608546 0.182108 0.091193
0 0.357017 0.504775 0.117168 0.091397
0 0.346788 0.565669 0.159455 0.082698
