0 0.312870 0.766729 0.172922 0.169005
0 0.593364 0.337527 0.044881 0.111440
0 0.887116 0.408080 0.056811 0.081834
0 0.408246 0.247018 0.055138 0.086411
0 0.823898 0.345325 0.075544 0.084004
0 0.537697 0.169551 0.058552 0.073592
0 0.726861 0.210679 0.050698 0.068129
0 0.656857 0.246928 0.057352 0.082387
0 0.765707 0.265643 0.047838 0.054369
0 0.676024 0.307886 0.067086 0.066026
0 0.113638 0.447181 0.074274 0.095135
0 0.819374 0.329891 0.065247 0.069968
0 0.327967 0.617510 0.163325 0.105370
0 0.398544 0.479729 0.070951 0.107122
0 0.346109 0.539257 0.148076 0.114547
0 0.235387 0.328166 0.053284 0.061895
