0 0.312016 0.769960 0.204285 0.167174
0 0.682178 0.562980 0.109820 0.175160
0 0.887707 0.408554 0.058527 0.080911
0 0.408162 0.242271 0.059135 0.084880
0 0.830907 0.347395 0.065844 0.074142
0 0.725960 0.210930 0.053281 0.068756
0 0.280796 0.427926 0.073872 0.129934
0 0.534324 0.168242 0.047269 0.072467
0 0.657557 0.248336 0.058498 0.085280
0 0.766023 0.264154 0.048564 0.058651
0 0.180660 0.336197 0.051301 0.068660
0 0.115255 0.447631 0.071146 0.085483
0 0.399992 0.486339 0.080044 0.139427
0 0.409038 0.473700 0.067581 0.113597
0 0.676014 0.306309 0.067883 0.066394
0 0.039642 0.571073 0.078502 0.158605
0 0.333839 0.616883 0.180207 0.098351
