0 0.313126 0.774788 0.192397 0.176708
0 0.590453 0.338894 0.071956 0.118906
0 0.886572 0.408424 0.057018 0.080332
0 0.830926 0.346405 0.068835 0.074941
0 0.383197 0.403488 0.106565 0.113350
0 0.537538 0.174957 0.059627 0.076479
0 0.213122 0.328863 0.055928 0.065257
0 0.656121 0.249734 0.056850 0.078819
0 0.724296 0.209723 0.051192 0.069300
0 0.677075 0.302305 0.067143 0.068245
0 0.767150 0.266467 0.050907 0.056498
0 0.338762 0.615397 0.191349 0.090234
0 0.389265 0.279099 0.083783 0.109267
0 0.045418 0.560486 0.080466 0.137382
0 0.342655 0.570061 0.156835 0.092343
0 0.339374 0.527687 0.127894 0.088802
