0 0.311650 0.765702 0.175481 0.164108
0 0.408125 0.243080 0.057682 0.085571
0 0.887978 0.408393 0.059132 0.081402
0 0.640674 0.514285 0.109034 0.184599
0 0.831225 0.347908 0.065974 0.074785
0 0.274176 0.423147 0.088352 0.122268
0 0.536683 0.170557 0.059298 0.076225
0 0.656593 0.247004 0.058723 0.086511
0 0.752143 0.253906 0.066962 0.064249
0 0.759128 0.262935 0.059747 0.060455
0 0.729798 0.227862 0.055673 0.071813
0 0.735815 0.239374 0.065179 0.067789
0 0.116616 0.450550 0.068214 0.090533
0 0.676648 0.307093 0.067964 0.069124
0 0.397898 0.497131 0.068314 0.110796
0 0.336262 0.620696 0.184264 0.097022
0 0.410929 0.380313 0.055657 0.110906
