0 0.316528 0.771362 0.186542 0.171818
0 0.666794 0.565635 0.139267 0.162492
0 0.887829 0.408729 0.058683 0.080257
0 0.407722 0.243276 0.061209 0.087006
0 0.829310 0.346412 0.070004 0.078747
0 0.654539 0.247783 0.057006 0.086699
0 0.723914 0.210616 0.050508 0.065330
0 0.380528 0.617092 0.071477 0.101005
0 0.529968 0.170537 0.045992 0.071752
0 0.767305 0.265381 0.048857 0.055287
0 0.176127 0.336389 0.050069 0.064232
0 0.534937 0.172129 0.058220 0.081021
0 0.113675 0.450208 0.073314 0.089269
0 0.334980 0.615114 0.164523 0.100417
0 0.046342 0.562000 0.078730 0.137095
0 0.677234 0.304284 0.068810 0.069619
