0 0.312009 0.774810 0.187333 0.176212
0 0.665129 0.566096 0.137836 0.166242
0 0.408236 0.242735 0.060607 0.086686
0 0.888467 0.409014 0.060360 0.080465
0 0.654833 0.247671 0.062772 0.087120
0 0.830465 0.344864 0.070016 0.077059
0 0.723343 0.212174 0.048968 0.065513
0 0.766173 0.264583 0.049308 0.057205
0 0.535135 0.171654 0.055256 0.070775
0 0.048612 0.562948 0.080343 0.138674
0 0.405376 0.443817 0.075274 0.118076
0 0.119778 0.446882 0.080060 0.087157
0 0.176708 0.330959 0.046877 0.056976
0 0.676694 0.305421 0.067274 0.069322
