0 0.303462 0.768849 0.187703 0.162805
0 0.408913 0.242705 0.058614 0.086565
0 0.885320 0.408721 0.056095 0.079129
0 0.830858 0.345758 0.068662 0.075506
0 0.657095 0.249063 0.058806 0.086055
0 0.538641 0.170518 0.065633 0.072967
0 0.724071 0.211678 0.050449 0.067912
0 0.766077 0.265217 0.048246 0.054979
0 0.362792 0.387151 0.128659 0.108091
0 0.329142 0.381832 0.065493 0.097846
0 0.343162 0.386394 0.092589 0.104154
0 0.348808 0.533231 0.141278 0.106566
0 0.874599 0.699869 0.127333 0.203824
0 0.121192 0.444570 0.068184 0.076349
0 0.675876 0.305288 0.065143 0.064679
