0 0.318296 0.770298 0.200509 0.168979
0 0.666655 0.563978 0.139507 0.156113
0 0.888494 0.408989 0.060243 0.080969
0 0.406627 0.242550 0.058122 0.084819
0 0.830770 0.345050 0.069257 0.076376
0 0.724219 0.211526 0.051074 0.067164
0 0.657532 0.248987 0.056689 0.083902
0 0.766544 0.265319 0.049666 0.057171
0 0.536264 0.171065 0.056329 0.070680
0 0.384049 0.372822 0.111412 0.102514
0 0.369411 0.453935 0.130341 0.096209
0 0.115429 0.448084 0.070112 0.088739
0 0.180805 0.330621 0.049762 0.062179
0 0.333576 0.614955 0.171470 0.086840
0 0.352623 0.449007 0.100288 0.087141
0 0.349562 0.526465 0.143815 0.101661
