0 0.320490 0.772247 0.191828 0.174152
0 0.887483 0.408816 0.057634 0.081244
0 0.828251 0.348048 0.070715 0.071857
0 0.536707 0.170919 0.053435 0.073454
0 0.407125 0.246578 0.061400 0.091873
0 0.655014 0.246152 0.057250 0.081707
0 0.727696 0.210789 0.055334 0.070741
0 0.404291 0.261948 0.066598 0.124176
0 0.676277 0.303745 0.066940 0.072650
0 0.769564 0.264130 0.048092 0.055596
0 0.123099 0.445062 0.071927 0.081816
0 0.047496 0.558314 0.073686 0.133002
0 0.365699 0.440965 0.120510 0.090282
0 0.341166 0.608416 0.170797 0.084126
0 0.351991 0.534108 0.143167 0.110817
