0 0.311046 0.773404 0.188163 0.177531
0 0.886571 0.408826 0.056842 0.079977
0 0.831201 0.347009 0.069569 0.074534
0 0.362609 0.259705 0.044601 0.093636
0 0.656889 0.246674 0.060901 0.083033
0 0.600446 0.334780 0.047156 0.113371
0 0.535737 0.176552 0.058760 0.072530
0 0.723550 0.212789 0.049094 0.066447
0 0.378961 0.398424 0.110213 0.108016
0 0.334978 0.612692 0.166452 0.105595
0 0.677165 0.308791 0.061542 0.063557
0 0.220038 0.327077 0.064181 0.067292
0 0.226868 0.453126 0.096911 0.117774
0 0.764545 0.265532 0.052089 0.055562
0 0.375114 0.444191 0.112673 0.111983
0 0.376336 0.423434 0.115534 0.102136
0 0.118879 0.444630 0.067192 0.081244
0 0.046730 0.560349 0.076120 0.134106
0 0.358878 0.509221 0.141618 0.088505
0 0.597979 0.356406 0.054015 0.096446
0 0.344370 0.564923 0.163031 0.092582
