0 0.315806 0.774443 0.184738 0.173288
0 0.407334 0.242169 0.055580 0.084926
0 0.667386 0.563421 0.136654 0.156964
0 0.888481 0.409249 0.059719 0.080218
0 0.830901 0.346711 0.069003 0.074814
0 0.655806 0.248402 0.057852 0.086088
0 0.535058 0.174204 0.054359 0.079240
0 0.724957 0.211939 0.050746 0.066174
0 0.766576 0.265072 0.048407 0.056972
0 0.113517 0.450332 0.072421 0.091363
0 0.180808 0.334875 0.056856 0.068044
0 0.048482 0.563426 0.077964 0.135211
0 0.676303 0.306340 0.063790 0.062225
0 0.346539 0.533688 0.136721 0.108856
0 0.388497 0.391349 0.098696 0.125240
