0 0.322509 0.769000 0.196533 0.171217
0 0.593082 0.335426 0.055526 0.110630
0 0.887019 0.408195 0.057741 0.082823
0 0.824782 0.343708 0.075092 0.088182
0 0.538578 0.170462 0.058728 0.077025
0 0.656615 0.247249 0.057834 0.081935
0 0.727301 0.212136 0.052266 0.068656
0 0.766537 0.265318 0.048127 0.058533
0 0.405233 0.243743 0.053623 0.083818
0 0.280775 0.473667 0.080103 0.165674
0 0.675471 0.307967 0.064236 0.065375
0 0.232983 0.327325 0.055444 0.065290
0 0.122243 0.446283 0.068613 0.085686
0 0.399782 0.306992 0.064626 0.074892
0 0.379059 0.382493 0.095478 0.082555
0 0.381081 0.634992 0.083071 0.117057
