0 0.318687 0.772254 0.182847 0.174204
0 0.593533 0.336414 0.045638 0.109581
0 0.887101 0.408153 0.056974 0.082042
0 0.538545 0.169066 0.058907 0.073755
0 0.825379 0.343288 0.074965 0.086966
0 0.655966 0.246462 0.057256 0.083016
0 0.407873 0.247453 0.059436 0.090032
0 0.726676 0.211697 0.050878 0.068252
0 0.395422 0.311054 0.069018 0.077040
0 0.766369 0.265089 0.047189 0.057654
0 0.676487 0.308069 0.065133 0.065300
0 0.401488 0.472700 0.076371 0.094107
0 0.819496 0.329050 0.066538 0.073317
0 0.338108 0.433449 0.122405 0.110916
0 0.045327 0.563181 0.079643 0.142054
0 0.113677 0.445501 0.072981 0.092474
0 0.403048 0.379008 0.079499 0.087152
0 0.348756 0.534320 0.138292 0.104058
0 0.396877 0.488522 0.078630 0.112643
