0 0.316956 0.778750 0.188940 0.172140
0 0.886800 0.409175 0.057286 0.082200
0 0.830966 0.347837 0.065442 0.072560
0 0.539902 0.167288 0.058847 0.069200
0 0.657802 0.247930 0.059496 0.082118
0 0.725010 0.215257 0.050004 0.066157
0 0.390446 0.253587 0.077147 0.102027
0 0.676866 0.307979 0.065211 0.065637
0 0.398292 0.498938 0.066067 0.115862
0 0.412468 0.384478 0.050051 0.104796
0 0.041679 0.558491 0.081774 0.142028
0 0.682456 0.176202 0.041761 0.054675
0 0.399231 0.261626 0.069514 0.111070
0 0.114953 0.448891 0.074487 0.086864
0 0.805974 0.280821 0.039744 0.054929
0 0.758039 0.266001 0.042261 0.053130
