0 0.318796 0.771030 0.181743 0.169832
0 0.409077 0.244289 0.057768 0.087095
0 0.887377 0.407814 0.059301 0.082537
0 0.827352 0.347725 0.073290 0.071767
0 0.652447 0.246224 0.057645 0.081732
0 0.723946 0.211635 0.049592 0.064563
0 0.677184 0.308826 0.065435 0.068295
0 0.681862 0.176670 0.046861 0.062316
0 0.537948 0.170432 0.055976 0.072360
0 0.548891 0.166865 0.076457 0.078567
0 0.392109 0.538730 0.082402 0.113867
0 0.234619 0.331551 0.056826 0.058144
0 0.766883 0.265069 0.048448 0.056073
0 0.403400 0.440263 0.075564 0.094112
0 0.045808 0.564502 0.078828 0.149323
0 0.343835 0.449360 0.088927 0.094277
0 0.405114 0.393667 0.071475 0.100362
0 0.120580 0.445638 0.071064 0.084475
