0 0.314833 0.770934 0.182869 0.170842
0 0.668534 0.567497 0.141378 0.165523
0 0.888782 0.409004 0.060792 0.082542
0 0.407785 0.243372 0.061890 0.087347
0 0.829860 0.345365 0.068942 0.076981
0 0.653429 0.249025 0.055536 0.086126
0 0.177345 0.338764 0.056427 0.071098
0 0.724878 0.212400 0.051093 0.066409
0 0.541528 0.173949 0.065539 0.072792
0 0.401513 0.478385 0.067847 0.118279
0 0.764903 0.264739 0.050518 0.055778
0 0.114298 0.448556 0.071789 0.089331
0 0.046603 0.561886 0.079006 0.137270
0 0.275782 0.230825 0.053176 0.086238
