0 0.320034 0.773927 0.196124 0.177060
0 0.667584 0.567428 0.138286 0.165780
0 0.408233 0.243171 0.057725 0.085981
0 0.888395 0.409446 0.059998 0.079838
0 0.830956 0.346332 0.069339 0.075754
0 0.656249 0.248953 0.055716 0.084660
0 0.725178 0.211888 0.050807 0.066187
0 0.533806 0.173007 0.051265 0.078952
0 0.180914 0.337557 0.059766 0.074556
0 0.764724 0.265896 0.050295 0.054949
0 0.113791 0.447045 0.072531 0.087373
0 0.045822 0.565269 0.079048 0.142200
0 0.675877 0.306710 0.062309 0.062509
0 0.347555 0.535930 0.147079 0.114549
0 0.342961 0.563308 0.160106 0.086147
