0 0.299955 0.765786 0.193708 0.166536
0 0.408134 0.244484 0.061662 0.089226
0 0.885036 0.409045 0.056338 0.079078
0 0.830979 0.345921 0.068608 0.075728
0 0.724083 0.212045 0.049837 0.067333
0 0.540119 0.172104 0.063084 0.073156
0 0.657261 0.248652 0.058463 0.085696
0 0.766429 0.265446 0.047752 0.054552
0 0.872286 0.668017 0.137511 0.155626
0 0.043226 0.580782 0.084818 0.163234
0 0.120874 0.448220 0.062925 0.082819
0 0.346865 0.532399 0.134954 0.106945
0 0.675963 0.304999 0.064086 0.065585
0 0.303857 0.626050 0.124853 0.102469
0 0.406675 0.481115 0.064783 0.104108
