0 0.312348 0.773194 0.191554 0.173629
0 0.887163 0.409013 0.057816 0.081027
0 0.596705 0.346739 0.064029 0.125655
0 0.830757 0.345902 0.069675 0.077182
0 0.541317 0.175188 0.068466 0.080171
0 0.656545 0.247850 0.059755 0.085830
0 0.723728 0.209447 0.048228 0.067201
0 0.398249 0.466875 0.065472 0.108807
0 0.218824 0.327007 0.062969 0.066751
0 0.768203 0.266697 0.048667 0.055793
0 0.393353 0.288124 0.065952 0.098295
0 0.376491 0.396317 0.094869 0.103109
0 0.676975 0.304569 0.060473 0.062493
0 0.120531 0.445805 0.070584 0.081823
0 0.046847 0.559862 0.078090 0.131426
