0 0.313386 0.772796 0.185546 0.169002
0 0.887431 0.408282 0.058876 0.080177
0 0.655082 0.249942 0.062428 0.086438
0 0.831223 0.345852 0.069597 0.076079
0 0.536820 0.172335 0.060350 0.074863
0 0.724106 0.210668 0.051923 0.070936
0 0.394923 0.279277 0.062052 0.106275
0 0.767004 0.266479 0.050445 0.055478
0 0.637878 0.505513 0.055314 0.141745
0 0.383039 0.396208 0.095541 0.097601
0 0.396339 0.486520 0.062902 0.101769
0 0.119655 0.445091 0.069330 0.082188
0 0.676538 0.303585 0.064937 0.061951
0 0.346658 0.533157 0.147472 0.113061
