0 0.315596 0.770796 0.185218 0.172332
0 0.667212 0.566811 0.139807 0.164686
0 0.888655 0.408976 0.060759 0.083110
0 0.829101 0.346284 0.068689 0.077043
0 0.407939 0.242896 0.061802 0.086166
0 0.653532 0.249575 0.056137 0.087142
0 0.177898 0.337806 0.057026 0.070283
0 0.724699 0.211925 0.049772 0.066051
0 0.542103 0.173106 0.067299 0.075089
0 0.766796 0.264928 0.048616 0.054932
0 0.532085 0.171226 0.047320 0.071926
0 0.332160 0.623053 0.173430 0.109451
0 0.114346 0.447960 0.071262 0.087322
0 0.046557 0.561714 0.077570 0.136598
0 0.350094 0.528451 0.149302 0.101079
0 0.338436 0.646259 0.192545 0.102306
