0 0.316228 0.771725 0.182840 0.170723
0 0.887083 0.409096 0.057668 0.081146
0 0.407571 0.243216 0.058782 0.084865
0 0.828585 0.347298 0.070922 0.072557
0 0.536212 0.171288 0.055772 0.074432
0 0.656594 0.246010 0.056409 0.082680
0 0.726896 0.210118 0.051004 0.067770
0 0.675993 0.306816 0.065550 0.068164
0 0.768846 0.264677 0.049791 0.056107
0 0.120531 0.443366 0.069830 0.083569
0 0.046961 0.562583 0.078498 0.138510
0 0.406199 0.383589 0.056502 0.087989
0 0.350782 0.534069 0.134097 0.112788
0 0.769412 0.277768 0.063575 0.073795
