0 0.313692 0.771587 0.182241 0.171788
0 0.666632 0.571901 0.143814 0.176794
0 0.887961 0.408639 0.059511 0.081134
0 0.830280 0.344916 0.063570 0.076201
0 0.408420 0.242895 0.058277 0.084948
0 0.656086 0.248509 0.062441 0.087900
0 0.725394 0.210316 0.051713 0.069595
0 0.536758 0.172136 0.057548 0.073294
0 0.411700 0.380240 0.061787 0.113968
0 0.114070 0.451120 0.072628 0.090176
0 0.766464 0.264500 0.048904 0.055082
0 0.334292 0.617669 0.182039 0.112884
0 0.391531 0.511081 0.076363 0.134343
0 0.176262 0.334642 0.053031 0.062121
0 0.047929 0.561827 0.076844 0.134591
0 0.393632 0.494612 0.061651 0.104027
0 0.675532 0.307191 0.066162 0.062786
