0 0.318289 0.769648 0.182216 0.171280
0 0.887027 0.408616 0.057696 0.082388
0 0.408883 0.243973 0.057510 0.086504
0 0.651945 0.245600 0.058211 0.083410
0 0.827639 0.347920 0.072323 0.071864
0 0.726580 0.211416 0.052551 0.069722
0 0.540529 0.170323 0.059846 0.071070
0 0.676911 0.308771 0.065718 0.067818
0 0.321077 0.389464 0.063542 0.110655
0 0.765685 0.263344 0.050230 0.059603
0 0.337123 0.598246 0.156582 0.115798
0 0.046477 0.564922 0.077762 0.149037
0 0.683410 0.174960 0.046663 0.057426
0 0.120461 0.445005 0.070051 0.083071
0 0.233432 0.330907 0.052861 0.058804
