0 0.314598 0.763577 0.190765 0.165221
0 0.666299 0.565944 0.138244 0.162259
0 0.408930 0.243633 0.057959 0.086940
0 0.888309 0.409819 0.059142 0.078905
0 0.830858 0.345554 0.069063 0.075917
0 0.656191 0.249605 0.055099 0.085931
0 0.723802 0.210985 0.051355 0.066714
0 0.181830 0.332182 0.053401 0.066861
0 0.379838 0.374355 0.104495 0.107377
0 0.534031 0.170748 0.053982 0.069099
0 0.766283 0.265036 0.048394 0.056612
0 0.128339 0.605009 0.097579 0.131075
0 0.114004 0.451514 0.072337 0.092763
0 0.056255 0.556567 0.069596 0.115841
0 0.043789 0.559272 0.077967 0.123490
