0 0.318794 0.769909 0.184580 0.173382
0 0.887110 0.408851 0.057718 0.082118
0 0.408107 0.245013 0.060257 0.089033
0 0.828070 0.348017 0.072089 0.072444
0 0.652288 0.246159 0.058050 0.081598
0 0.725840 0.211744 0.051256 0.067045
0 0.289321 0.445604 0.053563 0.134201
0 0.676490 0.308600 0.063899 0.066945
0 0.539057 0.170616 0.056245 0.068741
0 0.682147 0.177302 0.046825 0.062373
0 0.119607 0.445691 0.068891 0.082604
0 0.408091 0.397669 0.049472 0.109751
0 0.047566 0.562747 0.076662 0.139677
0 0.765655 0.263948 0.050928 0.060281
0 0.400096 0.468658 0.074199 0.101236
