0 0.319739 0.775250 0.187211 0.169264
0 0.886935 0.409069 0.058137 0.082366
0 0.407427 0.245384 0.053793 0.087898
0 0.830810 0.348776 0.066446 0.068502
0 0.654898 0.248661 0.062392 0.079428
0 0.726090 0.215780 0.050063 0.067099
0 0.413756 0.385351 0.057832 0.109818
0 0.540363 0.166906 0.060634 0.070805
0 0.765450 0.263522 0.052341 0.061767
0 0.113485 0.444464 0.074826 0.082959
0 0.339254 0.428615 0.083120 0.092068
0 0.684010 0.180347 0.047956 0.063286
0 0.676310 0.305274 0.059961 0.061752
0 0.343116 0.603878 0.178459 0.116008
0 0.356556 0.425733 0.113136 0.085315
