0 0.312086 0.769342 0.175396 0.165886
0 0.668382 0.565315 0.138085 0.160913
0 0.888368 0.409121 0.059909 0.081144
0 0.408064 0.242961 0.059326 0.086559
0 0.830887 0.345688 0.069424 0.075708
0 0.656515 0.248377 0.056538 0.086216
0 0.724875 0.211121 0.051582 0.067113
0 0.538733 0.170231 0.056819 0.072156
0 0.766847 0.265514 0.048624 0.056751
0 0.400784 0.473557 0.076397 0.111983
0 0.216364 0.599037 0.150287 0.129235
0 0.182364 0.332493 0.055377 0.066696
0 0.376009 0.383096 0.098507 0.113146
0 0.045309 0.562644 0.076686 0.137117
