0 0.297852 0.765632 0.207477 0.176150
0 0.887264 0.408901 0.059056 0.081714
0 0.829475 0.347766 0.070480 0.075543
0 0.652558 0.247686 0.057165 0.079103
0 0.406583 0.244493 0.059619 0.088601
0 0.725024 0.210324 0.052418 0.068402
0 0.536887 0.169634 0.052939 0.069822
0 0.767094 0.265408 0.048709 0.057936
0 0.360945 0.442581 0.127959 0.095522
0 0.676944 0.304606 0.063890 0.070128
0 0.237038 0.625275 0.084182 0.122347
0 0.680623 0.176478 0.045110 0.061464
0 0.120539 0.444740 0.068420 0.079770
0 0.046510 0.560958 0.077173 0.136184
