0 0.306979 0.770386 0.203957 0.165490
0 0.408373 0.245344 0.055849 0.088464
0 0.887183 0.408443 0.059442 0.081214
0 0.827495 0.347597 0.071444 0.069973
0 0.654403 0.248879 0.063145 0.079682
0 0.726467 0.214543 0.050330 0.064246
0 0.411958 0.381445 0.051662 0.103585
0 0.766512 0.263671 0.050934 0.060874
0 0.114397 0.441898 0.071180 0.077722
0 0.538274 0.169156 0.055226 0.068831
0 0.684212 0.179578 0.047053 0.063879
0 0.676650 0.307297 0.060924 0.060264
0 0.337084 0.429631 0.077927 0.096131
0 0.661173 0.255599 0.065696 0.076155
