0 0.311722 0.772458 0.199308 0.169519
0 0.887693 0.408667 0.057834 0.081379
0 0.829557 0.347676 0.068981 0.074051
0 0.406990 0.248090 0.061785 0.094090
0 0.536930 0.170668 0.054743 0.072718
0 0.655439 0.246543 0.055388 0.080800
0 0.727153 0.212096 0.051458 0.067207
0 0.674771 0.305542 0.066884 0.069747
0 0.048130 0.559957 0.075156 0.134008
0 0.767538 0.301157 0.074205 0.061949
0 0.122159 0.444955 0.071794 0.080983
0 0.769124 0.264232 0.049540 0.056775
0 0.405953 0.383682 0.067451 0.094762
0 0.365644 0.448971 0.125073 0.094948
0 0.408930 0.393069 0.054190 0.091593
