0 0.310250 0.765499 0.188448 0.166366
0 0.667548 0.564104 0.139547 0.159137
0 0.408688 0.242957 0.058987 0.086590
0 0.888147 0.409147 0.059735 0.081149
0 0.830671 0.345096 0.069688 0.076275
0 0.655570 0.249750 0.056128 0.086241
0 0.724365 0.211020 0.051888 0.069174
0 0.533633 0.170947 0.055227 0.069928
0 0.766434 0.265340 0.048647 0.056590
0 0.383774 0.374763 0.112212 0.104572
0 0.180920 0.330233 0.049747 0.060590
0 0.115220 0.445471 0.070222 0.079565
0 0.369333 0.454924 0.131078 0.095585
0 0.047435 0.563434 0.081170 0.138369
