0 0.311172 0.767341 0.177862 0.172144
0 0.669354 0.567004 0.139676 0.163856
0 0.888381 0.409585 0.059521 0.080753
0 0.408140 0.242222 0.057819 0.084635
0 0.831158 0.345186 0.068856 0.075862
0 0.656296 0.248468 0.058193 0.085848
0 0.722986 0.211501 0.050144 0.065647
0 0.401417 0.476903 0.068350 0.114032
0 0.538260 0.170028 0.055039 0.070182
0 0.766380 0.265624 0.048030 0.055890
0 0.178819 0.340085 0.059828 0.081046
0 0.376634 0.383612 0.100927 0.119755
0 0.113634 0.451543 0.073301 0.088719
0 0.336978 0.622101 0.161408 0.105065
0 0.050489 0.563282 0.075195 0.132003
0 0.400053 0.464736 0.081166 0.088894
0 0.674812 0.307152 0.065028 0.064773
0 0.350707 0.532904 0.139364 0.107547
