0 0.315758 0.765003 0.192488 0.169902
0 0.888122 0.407898 0.059866 0.081976
0 0.828551 0.347585 0.070707 0.074188
0 0.541255 0.174937 0.057642 0.072987
0 0.406939 0.249885 0.061480 0.096011
0 0.654861 0.245309 0.056778 0.082082
0 0.726868 0.210524 0.050658 0.064786
0 0.370853 0.448189 0.133524 0.098812
0 0.675484 0.303332 0.067761 0.074120
0 0.766096 0.297022 0.070153 0.060607
0 0.350551 0.445718 0.091647 0.094807
0 0.407220 0.386243 0.046242 0.093449
0 0.046933 0.560283 0.074169 0.134169
0 0.121762 0.442590 0.072799 0.076016
0 0.768772 0.265933 0.050707 0.058274
