0 0.319437 0.777329 0.188303 0.166534
0 0.887911 0.407910 0.060569 0.082440
0 0.654924 0.247066 0.061953 0.082383
0 0.834292 0.352743 0.058413 0.064667
0 0.723986 0.214650 0.047856 0.064484
0 0.539795 0.166674 0.058872 0.068109
0 0.414710 0.387009 0.051264 0.108168
0 0.365740 0.433382 0.119670 0.087058
0 0.378448 0.618322 0.077420 0.113894
0 0.675978 0.307845 0.063760 0.064840
0 0.683795 0.178020 0.044688 0.063556
0 0.239247 0.658131 0.093205 0.139544
0 0.345650 0.525428 0.164276 0.124514
0 0.336570 0.607952 0.169291 0.090965
0 0.760511 0.266027 0.043357 0.053848
0 0.046568 0.560831 0.075179 0.133304
0 0.115437 0.446687 0.073731 0.082111
0 0.410029 0.259877 0.049031 0.103860
0 0.339491 0.609312 0.170082 0.128436
