0 0.310983 0.770904 0.195339 0.173640
0 0.888129 0.409437 0.059271 0.080281
0 0.409667 0.242998 0.060485 0.085607
0 0.693940 0.630057 0.141375 0.168169
0 0.829901 0.345646 0.070033 0.074765
0 0.656944 0.244721 0.059632 0.086470
0 0.723113 0.212299 0.047395 0.063217
0 0.535006 0.172863 0.052758 0.068264
0 0.766324 0.264379 0.048313 0.056551
0 0.116692 0.448229 0.066766 0.084337
0 0.045739 0.562476 0.081872 0.134010
0 0.675148 0.306490 0.064853 0.067756
0 0.409056 0.486890 0.071127 0.118799
0 0.315691 0.393660 0.051185 0.088711
