0 0.319798 0.773075 0.194098 0.175682
0 0.887799 0.408470 0.059177 0.082388
0 0.581406 0.323745 0.048950 0.121024
0 0.825118 0.345767 0.077260 0.091148
0 0.536555 0.168733 0.055693 0.073061
0 0.726384 0.211793 0.052175 0.070235
0 0.657294 0.246306 0.056138 0.081130
0 0.405371 0.242503 0.052414 0.082446
0 0.766228 0.265165 0.047784 0.057853
0 0.674473 0.309096 0.063440 0.064258
0 0.281363 0.454473 0.079991 0.149662
0 0.399616 0.304327 0.066607 0.068858
0 0.380150 0.378895 0.101979 0.089549
0 0.120834 0.443505 0.070761 0.085085
0 0.233872 0.325182 0.057822 0.064996
