0 0.312085 0.775331 0.187843 0.173791
0 0.886873 0.408050 0.058504 0.080876
0 0.830781 0.346179 0.069382 0.076814
0 0.540011 0.174118 0.065046 0.078991
0 0.722922 0.212077 0.050245 0.069058
0 0.657674 0.247214 0.056733 0.081493
0 0.392806 0.278207 0.064403 0.104112
0 0.597547 0.364960 0.044493 0.106159
0 0.216113 0.326795 0.063060 0.067322
0 0.676551 0.303065 0.068000 0.070640
0 0.766290 0.266831 0.050029 0.055756
0 0.377917 0.397917 0.096108 0.105981
0 0.594788 0.361603 0.062882 0.127588
0 0.209474 0.327235 0.053030 0.057704
0 0.121323 0.445529 0.071019 0.081792
0 0.045766 0.559303 0.079284 0.134853
