0 0.317745 0.773928 0.196704 0.173827
0 0.886948 0.408282 0.057474 0.078711
0 0.652698 0.249609 0.060069 0.087713
0 0.538924 0.174241 0.067911 0.080336
0 0.830838 0.345891 0.069501 0.076614
0 0.397659 0.283445 0.062357 0.119982
0 0.724666 0.210031 0.050838 0.070220
0 0.379717 0.401035 0.104777 0.110084
0 0.638082 0.538248 0.067188 0.139835
0 0.766716 0.267556 0.048250 0.054136
0 0.118888 0.444474 0.067896 0.077873
0 0.348903 0.528700 0.146823 0.103355
0 0.040900 0.556895 0.080042 0.140913
0 0.376146 0.423441 0.120613 0.128300
0 0.220205 0.319324 0.066579 0.087888
0 0.638909 0.523887 0.059244 0.110449
