0 0.314038 0.773869 0.187741 0.174883
0 0.887365 0.408424 0.059022 0.080594
0 0.831195 0.346254 0.069282 0.075814
0 0.537167 0.173409 0.062058 0.075127
0 0.657351 0.247555 0.060319 0.085213
0 0.723958 0.211440 0.052298 0.070306
0 0.393946 0.279141 0.066074 0.109824
0 0.615498 0.462859 0.063897 0.126655
0 0.215616 0.328599 0.058212 0.057679
0 0.767425 0.267217 0.049647 0.055543
0 0.676373 0.302766 0.067816 0.068357
0 0.386297 0.555587 0.071908 0.110915
0 0.121220 0.445373 0.071735 0.080405
0 0.047316 0.557248 0.077107 0.131043
