0 0.313480 0.767722 0.204758 0.163881
0 0.683097 0.563406 0.115367 0.170121
0 0.407866 0.242308 0.058103 0.085106
0 0.887618 0.408723 0.058773 0.081451
0 0.276884 0.426555 0.089878 0.124998
0 0.831037 0.347314 0.066089 0.074206
0 0.725759 0.210998 0.051005 0.067918
0 0.538411 0.168657 0.056303 0.073828
0 0.657973 0.247790 0.058005 0.086159
0 0.182787 0.337008 0.055947 0.073073
0 0.767267 0.265325 0.048989 0.056890
0 0.114605 0.449264 0.071708 0.088418
0 0.041510 0.559520 0.081247 0.137054
0 0.676058 0.306597 0.066710 0.066056
0 0.409718 0.469458 0.066658 0.112829
