0 0.314037 0.766853 0.173114 0.167418
0 0.887777 0.408411 0.059425 0.082225
0 0.407906 0.245029 0.060964 0.088646
0 0.830015 0.349348 0.069035 0.071389
0 0.652532 0.246673 0.057006 0.079321
0 0.727640 0.213639 0.053032 0.068295
0 0.540034 0.169166 0.060013 0.071499
0 0.683805 0.177045 0.045201 0.055935
0 0.676331 0.305738 0.061816 0.067053
0 0.411786 0.389737 0.048228 0.108083
0 0.367965 0.444957 0.122738 0.101870
0 0.119671 0.445173 0.070549 0.081097
0 0.255693 0.532988 0.049487 0.107927
0 0.392046 0.614399 0.089435 0.100345
