0 0.320404 0.775972 0.186463 0.170183
0 0.667432 0.565613 0.139811 0.159147
0 0.888701 0.409250 0.060825 0.081312
0 0.407393 0.243178 0.059927 0.086717
0 0.830399 0.345146 0.069378 0.076214
0 0.657079 0.248670 0.056972 0.084940
0 0.723836 0.211815 0.050163 0.065848
0 0.766465 0.265058 0.049919 0.057216
0 0.380531 0.375354 0.107032 0.106275
0 0.535001 0.171277 0.055852 0.071325
0 0.179852 0.331347 0.050391 0.062530
0 0.391350 0.518666 0.065991 0.126768
0 0.347891 0.532510 0.146871 0.112646
0 0.332481 0.620237 0.164355 0.101430
