0 0.316029 0.771820 0.194818 0.169920
0 0.666581 0.566844 0.141288 0.164790
0 0.887912 0.408448 0.058767 0.080760
0 0.407952 0.243299 0.060864 0.086706
0 0.830680 0.344693 0.069066 0.078611
0 0.655847 0.248853 0.056827 0.086226
0 0.725582 0.212155 0.049942 0.064915
0 0.542382 0.174569 0.067729 0.076012
0 0.177105 0.339119 0.058842 0.072069
0 0.400249 0.467730 0.071725 0.108227
0 0.763985 0.264432 0.049497 0.055754
0 0.113879 0.449413 0.072553 0.087789
0 0.405035 0.389782 0.060282 0.096514
0 0.534804 0.170435 0.054040 0.068076
0 0.045463 0.561044 0.079161 0.137631
