0 0.309254 0.774720 0.216101 0.172905
0 0.887221 0.408991 0.056978 0.081922
0 0.392539 0.249377 0.078520 0.095269
0 0.832773 0.349407 0.063203 0.069746
0 0.539259 0.167039 0.056912 0.072317
0 0.724348 0.216990 0.049693 0.063573
0 0.675377 0.303341 0.065962 0.069659
0 0.654369 0.252708 0.044736 0.074973
0 0.346835 0.609811 0.183767 0.134026
0 0.418185 0.374384 0.050635 0.096768
0 0.396726 0.507584 0.087893 0.135192
0 0.808712 0.280551 0.044076 0.055241
0 0.119141 0.444428 0.072017 0.078222
0 0.758344 0.266328 0.040587 0.051834
