0 0.320709 0.771338 0.194959 0.168870
0 0.887331 0.408518 0.056395 0.081016
0 0.826771 0.348921 0.076281 0.075474
0 0.727576 0.213047 0.053180 0.069676
0 0.137358 0.641342 0.125492 0.155594
0 0.658223 0.247707 0.059493 0.083264
0 0.534816 0.169525 0.057056 0.071857
0 0.606145 0.397372 0.056069 0.125532
0 0.675187 0.307468 0.065415 0.065646
0 0.823637 0.336591 0.075058 0.078455
0 0.359377 0.441127 0.116304 0.103181
0 0.397955 0.479849 0.065369 0.106262
0 0.403470 0.246725 0.063021 0.092149
0 0.767169 0.265631 0.048550 0.055138
0 0.400408 0.300680 0.069314 0.075917
0 0.332834 0.624802 0.170027 0.109985
