0 0.315142 0.765359 0.208100 0.174037
0 0.887274 0.409006 0.057543 0.082448
0 0.407594 0.245376 0.061460 0.091735
0 0.830429 0.349012 0.069323 0.070913
0 0.657238 0.248728 0.060137 0.085957
0 0.726613 0.211352 0.050193 0.065759
0 0.547146 0.165578 0.072093 0.076530
0 0.675003 0.310692 0.064869 0.063199
0 0.766083 0.263239 0.049070 0.059454
0 0.680500 0.176121 0.043733 0.056799
0 0.351092 0.530240 0.135028 0.108617
0 0.335114 0.623708 0.186373 0.095310
0 0.407275 0.397963 0.053869 0.109217
0 0.386905 0.639760 0.091137 0.109674
0 0.537634 0.166980 0.054104 0.067713
0 0.121487 0.444639 0.069793 0.082463
0 0.046052 0.563008 0.077978 0.145169
