0 0.313602 0.762859 0.193434 0.170906
0 0.887756 0.408943 0.060176 0.082290
0 0.828966 0.348502 0.071362 0.070766
0 0.542911 0.172860 0.063102 0.072799
0 0.407930 0.380635 0.064449 0.107356
0 0.727241 0.211509 0.051356 0.069405
0 0.654854 0.249225 0.053133 0.083337
0 0.406184 0.256683 0.062297 0.116439
0 0.674979 0.307676 0.066237 0.067349
0 0.406629 0.244042 0.056159 0.086552
0 0.767746 0.263568 0.047732 0.059424
0 0.041174 0.556486 0.081116 0.150758
0 0.120920 0.446978 0.072517 0.084444
0 0.681300 0.173274 0.045701 0.055574
