0 0.888851 0.410198 0.059027 0.081971
0 0.834383 0.348122 0.057710 0.069278
0 0.314184 0.763952 0.182878 0.159424
0 0.408320 0.246098 0.058116 0.088296
0 0.653933 0.246264 0.059957 0.082802
0 0.541155 0.167579 0.061299 0.071422
0 0.726249 0.213841 0.050075 0.066161
0 0.408168 0.387759 0.047515 0.101504
0 0.675853 0.308595 0.063858 0.065287
0 0.115447 0.446321 0.073298 0.084878
0 0.682973 0.177954 0.044816 0.062823
0 0.349144 0.434686 0.107874 0.095247
0 0.351374 0.512872 0.163023 0.115344
0 0.761758 0.265913 0.044725 0.053324
