0 0.311171 0.771468 0.174717 0.170707
0 0.667927 0.565474 0.139904 0.159759
0 0.408806 0.242312 0.060080 0.085726
0 0.888636 0.408610 0.059605 0.080537
0 0.830842 0.346570 0.069143 0.075014
0 0.655252 0.248398 0.058117 0.086139
0 0.724509 0.211656 0.050919 0.066879
0 0.378689 0.383156 0.104409 0.123455
0 0.766392 0.265527 0.048385 0.056399
0 0.534162 0.174786 0.053572 0.080254
0 0.113981 0.449573 0.071569 0.089909
0 0.180962 0.332880 0.055297 0.065310
0 0.351625 0.533547 0.143768 0.108586
0 0.676407 0.306230 0.063881 0.062410
0 0.047608 0.563350 0.074536 0.133478
