0 0.312806 0.771242 0.179092 0.171788
0 0.886825 0.409368 0.058202 0.082227
0 0.407829 0.244624 0.058719 0.088120
0 0.827888 0.347903 0.073263 0.072427
0 0.651991 0.247876 0.057126 0.079897
0 0.725606 0.211564 0.051988 0.068186
0 0.367360 0.437344 0.131060 0.091374
0 0.392102 0.544762 0.065785 0.110421
0 0.387297 0.559128 0.071429 0.121828
0 0.766236 0.263959 0.050742 0.060838
0 0.536994 0.171424 0.053355 0.072330
0 0.676557 0.305935 0.065392 0.069748
0 0.390803 0.330097 0.079496 0.090404
0 0.681854 0.176570 0.046734 0.061555
0 0.120038 0.442721 0.068539 0.079614
0 0.046954 0.562014 0.076460 0.136885
0 0.239208 0.628035 0.091142 0.119932
0 0.239864 0.659814 0.090748 0.115838
0 0.231871 0.323337 0.053070 0.059438
