0 0.316330 0.775363 0.201307 0.174352
0 0.888192 0.409084 0.059002 0.079395
0 0.700614 0.639952 0.138793 0.170544
0 0.408876 0.243651 0.062357 0.087033
0 0.830104 0.346200 0.069610 0.074764
0 0.656995 0.247245 0.055844 0.086133
0 0.723103 0.211888 0.048423 0.064114
0 0.535103 0.171952 0.058000 0.073845
0 0.764594 0.263024 0.052967 0.060860
0 0.045694 0.562404 0.080881 0.134997
0 0.402992 0.477258 0.071280 0.114465
0 0.115312 0.447812 0.069517 0.088464
0 0.673914 0.307480 0.062483 0.063445
0 0.387353 0.664491 0.100587 0.126554
