0 0.280729 0.761111 0.169792 0.148148
0 0.287760 0.618519 0.142187 0.122222
0 0.365365 0.366204 0.089063 0.149074
0 0.397656 0.315741 0.044271 0.098148
0 0.585417 0.317593 0.084375 0.109259
0 0.666667 0.305093 0.060417 0.076852
0 0.833854 0.354630 0.068750 0.085185
0 0.886719 0.418056 0.051562 0.067593
0 0.762500 0.280556 0.069792 0.062963
0 0.724479 0.205093 0.059375 0.073148
0 0.532031 0.175000 0.054688 0.059259
0 0.220573 0.321759 0.071354 0.060185
0 0.112240 0.442130 0.091146 0.095370
0 0.048698 0.578241 0.084896 0.176852
0 0.250521 0.238426 0.063542 0.080556
