0 0.335677 0.340278 0.033854 0.102778
0 0.277865 0.637500 0.131771 0.165741
0 0.174219 0.527315 0.158854 0.147222
0 0.335417 0.340278 0.033333 0.106481
0 0.719271 0.352315 0.028125 0.063889
0 0.584896 0.309722 0.069792 0.082407
0 0.529167 0.174074 0.047917 0.066667
0 0.040625 0.632407 0.073958 0.264815
0 0.130990 0.654167 0.082812 0.195370
0 0.223438 0.331944 0.060417 0.071296
0 0.114062 0.429167 0.085417 0.095370
0 0.893750 0.409259 0.062500 0.100000
0 0.834115 0.348148 0.060937 0.064815
0 0.769010 0.273611 0.058854 0.045370
0 0.682813 0.312500 0.079167 0.099074
0 0.317188 0.771296 0.182292 0.161111
0 0.360938 0.420370 0.062500 0.146296
0 0.725521 0.212037 0.051042 0.057407
