0 0.335677 0.339815 0.032813 0.107407
0 0.290625 0.624537 0.162500 0.149074
0 0.532552 0.175926 0.045312 0.070370
0 0.580990 0.317593 0.059896 0.100000
0 0.720573 0.352315 0.028646 0.062037
0 0.397396 0.341667 0.050000 0.120370
0 0.137500 0.622685 0.092708 0.189815
0 0.039583 0.565278 0.068750 0.149074
0 0.216667 0.506481 0.105208 0.094444
0 0.219010 0.331944 0.075521 0.052778
0 0.120573 0.430556 0.088021 0.109259
0 0.673698 0.312500 0.079687 0.099074
0 0.885156 0.405093 0.069271 0.102778
0 0.836198 0.341667 0.061979 0.062963
0 0.763281 0.271759 0.051562 0.054630
0 0.301823 0.773148 0.175521 0.185185
