0 0.357552 0.553241 0.130729 0.169444
0 0.264844 0.531944 0.107813 0.162037
0 0.266927 0.769444 0.198437 0.203704
0 0.043750 0.672222 0.086458 0.122222
0 0.110937 0.476852 0.087500 0.170370
0 0.222656 0.330556 0.077604 0.088889
0 0.583073 0.312963 0.082812 0.124074
0 0.393229 0.332870 0.063542 0.091667
0 0.415104 0.218056 0.041667 0.073148
0 0.538542 0.167593 0.052083 0.062963
0 0.887500 0.411111 0.078125 0.096296
0 0.684375 0.303241 0.087500 0.062037
0 0.826823 0.340278 0.075521 0.086111
0 0.766927 0.274537 0.067187 0.065741
0 0.723177 0.205093 0.061979 0.071296
