0 0.335677 0.339815 0.032813 0.107407
0 0.267708 0.627778 0.117708 0.146296
0 0.580990 0.313426 0.066146 0.091667
0 0.349740 0.437963 0.091146 0.118519
0 0.883594 0.406019 0.069271 0.095370
0 0.117969 0.659259 0.109896 0.148148
0 0.146094 0.423148 0.085938 0.120370
0 0.675260 0.302315 0.067187 0.067593
0 0.828646 0.339815 0.066667 0.072222
0 0.538021 0.183796 0.066667 0.087963
0 0.217448 0.327315 0.065104 0.058333
0 0.722656 0.203704 0.046354 0.055556
0 0.761198 0.273611 0.047396 0.034259
0 0.368750 0.182407 0.034375 0.038889
0 0.303646 0.780556 0.184375 0.188889
0 0.045052 0.590741 0.078646 0.185185
