0 0.315365 0.765278 0.215104 0.149074
0 0.327344 0.685648 0.163021 0.089815
0 0.342448 0.636111 0.165104 0.118519
0 0.357552 0.566667 0.157812 0.079630
0 0.348698 0.497685 0.104688 0.117593
0 0.367188 0.432407 0.110417 0.105556
0 0.381771 0.406944 0.102083 0.113889
0 0.593750 0.332407 0.096875 0.129630
0 0.646875 0.234722 0.057292 0.071296
0 0.670833 0.301389 0.062500 0.047222
0 0.880990 0.408333 0.072396 0.079630
0 0.825521 0.345833 0.063542 0.043519
0 0.760156 0.266204 0.058854 0.050926
0 0.719010 0.212963 0.051562 0.055556
0 0.545573 0.179630 0.066146 0.079630
0 0.221094 0.327315 0.055729 0.069444
0 0.133854 0.447685 0.095833 0.082407
