0 0.117188 0.619907 0.077083 0.123148
0 0.277344 0.618519 0.134896 0.164815
0 0.335156 0.338889 0.033854 0.103704
0 0.175000 0.519444 0.161458 0.135185
0 0.530990 0.173611 0.046354 0.063889
0 0.335938 0.337963 0.034375 0.101852
0 0.045052 0.580556 0.056771 0.175926
0 0.584115 0.315741 0.083854 0.111111
0 0.675260 0.307407 0.066146 0.085185
0 0.887240 0.414815 0.063021 0.081481
0 0.829948 0.337037 0.069271 0.074074
0 0.763542 0.275463 0.052083 0.062037
0 0.726823 0.209722 0.049479 0.058333
0 0.221875 0.329167 0.071875 0.054630
0 0.305729 0.775926 0.186458 0.170370
0 0.117188 0.431019 0.090625 0.102778
0 0.348698 0.446759 0.064062 0.130556
