0 0.260417 0.771759 0.188542 0.202778
0 0.305208 0.576389 0.093750 0.149074
0 0.592708 0.310648 0.089583 0.115741
0 0.399740 0.329630 0.058854 0.109259
0 0.410156 0.197685 0.038021 0.086111
0 0.531510 0.178241 0.042188 0.065741
0 0.670312 0.303704 0.063542 0.072222
0 0.886198 0.402778 0.055729 0.064815
0 0.831250 0.341204 0.073958 0.087963
0 0.757292 0.272685 0.059375 0.065741
0 0.728906 0.206481 0.067187 0.092593
0 0.272917 0.481481 0.087500 0.137037
0 0.120833 0.457407 0.086458 0.129630
0 0.223698 0.328704 0.065104 0.066667
