0 0.150000 0.608333 0.117708 0.144444
0 0.255469 0.760648 0.167187 0.162037
0 0.038802 0.611574 0.076563 0.202778
0 0.266406 0.489352 0.070312 0.134259
0 0.113542 0.453241 0.082292 0.112037
0 0.397917 0.322685 0.035417 0.123148
0 0.584635 0.322685 0.072396 0.126852
0 0.529427 0.167130 0.057813 0.113889
0 0.419271 0.200000 0.050000 0.068519
0 0.878906 0.411574 0.049479 0.099074
0 0.831510 0.344444 0.064062 0.064815
0 0.667708 0.310185 0.059375 0.059259
0 0.761198 0.268519 0.057813 0.077778
0 0.723958 0.215278 0.048958 0.054630
0 0.220573 0.327778 0.077604 0.090741
