0 0.358073 0.564352 0.122396 0.147222
0 0.279948 0.532870 0.085938 0.193519
0 0.266927 0.760648 0.198437 0.176852
0 0.039062 0.657870 0.076042 0.125000
0 0.582552 0.323611 0.064062 0.125000
0 0.389062 0.331944 0.066667 0.136111
0 0.420573 0.219907 0.032813 0.069444
0 0.536198 0.174074 0.065104 0.066667
0 0.673438 0.310648 0.070833 0.086111
0 0.886458 0.413426 0.066667 0.086111
0 0.834375 0.346759 0.066667 0.078704
0 0.759115 0.274074 0.058854 0.072222
0 0.727344 0.214815 0.043229 0.046296
0 0.226302 0.331944 0.085938 0.062037
0 0.110417 0.462500 0.076042 0.141667
