0 0.584635 0.321759 0.083854 0.134259
0 0.671875 0.304630 0.067708 0.107407
0 0.886979 0.403704 0.061458 0.105556
0 0.834115 0.352778 0.066146 0.079630
0 0.763542 0.271296 0.047917 0.051852
0 0.725521 0.215278 0.055208 0.067593
0 0.417969 0.220370 0.036979 0.085185
0 0.375260 0.361111 0.094271 0.138889
0 0.361458 0.576852 0.102083 0.188889
0 0.301563 0.512963 0.061458 0.140741
0 0.267188 0.743981 0.181250 0.178704
0 0.046875 0.616204 0.092708 0.200926
0 0.110937 0.442130 0.067708 0.134259
0 0.219531 0.326389 0.069271 0.097222
0 0.533333 0.163426 0.059375 0.073148
