0 0.190885 0.653241 0.085938 0.186111
0 0.319792 0.719907 0.153125 0.154630
0 0.332292 0.579167 0.057292 0.186111
0 0.399740 0.343056 0.050521 0.099074
0 0.597396 0.336111 0.081250 0.127778
0 0.655208 0.243519 0.054167 0.074074
0 0.889323 0.406481 0.067187 0.068519
0 0.829688 0.347222 0.067708 0.059259
0 0.764062 0.247222 0.052083 0.046296
0 0.718229 0.213426 0.019792 0.062037
0 0.220052 0.321296 0.063021 0.061111
0 0.250260 0.410648 0.101562 0.100926
0 0.109115 0.449074 0.049479 0.103704
0 0.538021 0.181019 0.063542 0.104630
