0 0.369531 0.358796 0.085938 0.128704
0 0.531250 0.171759 0.040625 0.075000
0 0.042448 0.606944 0.078646 0.271296
0 0.578906 0.320833 0.065104 0.112037
0 0.224219 0.330556 0.068229 0.062963
0 0.174740 0.617130 0.111979 0.143519
0 0.269792 0.773611 0.140625 0.160185
0 0.277083 0.614352 0.110417 0.162037
0 0.884115 0.409722 0.056771 0.093519
0 0.832552 0.338426 0.079687 0.086111
0 0.768229 0.273148 0.058333 0.064815
0 0.674219 0.301389 0.069271 0.071296
0 0.728646 0.211574 0.055208 0.069444
0 0.117969 0.437500 0.083854 0.104630
