0 0.323437 0.724537 0.193750 0.210185
0 0.128906 0.603704 0.060937 0.153704
0 0.038802 0.638426 0.076563 0.112037
0 0.277083 0.427315 0.083333 0.143519
0 0.404167 0.340741 0.057292 0.124074
0 0.584635 0.343519 0.081771 0.125926
0 0.677344 0.310648 0.074479 0.095370
0 0.880208 0.395833 0.064583 0.087963
0 0.837500 0.361111 0.064583 0.079630
0 0.768229 0.279630 0.046875 0.059259
0 0.721615 0.208796 0.047396 0.063889
0 0.411198 0.262500 0.047396 0.069444
0 0.108333 0.456944 0.061458 0.125000
0 0.221354 0.333796 0.071875 0.089815
0 0.544531 0.231019 0.030729 0.071296
