0 0.286458 0.768056 0.205208 0.202778
0 0.312760 0.608333 0.129688 0.118519
0 0.370573 0.356944 0.094271 0.154630
0 0.581510 0.311111 0.089063 0.127778
0 0.674740 0.302315 0.079687 0.069444
0 0.832552 0.342130 0.079687 0.067593
0 0.884375 0.409259 0.051042 0.090741
0 0.308073 0.505556 0.069271 0.105556
0 0.232552 0.330093 0.084896 0.050926
0 0.116667 0.447222 0.084375 0.092593
0 0.040625 0.648148 0.080208 0.088889
0 0.038281 0.540741 0.054688 0.111111
0 0.418750 0.221759 0.036458 0.078704
0 0.535417 0.174537 0.050000 0.060185
0 0.723177 0.205093 0.059896 0.069444
