0 0.320312 0.756481 0.179167 0.164815
0 0.385677 0.402315 0.101562 0.117593
0 0.374479 0.437500 0.128125 0.106481
0 0.352865 0.507407 0.120313 0.088889
0 0.359635 0.571759 0.150521 0.097222
0 0.339583 0.639352 0.145833 0.086111
0 0.130729 0.440741 0.073958 0.075926
0 0.596094 0.348611 0.086979 0.137963
0 0.545573 0.181944 0.065104 0.076852
0 0.654167 0.245370 0.053125 0.061111
0 0.882292 0.397222 0.057292 0.100000
0 0.824479 0.342593 0.063542 0.077778
0 0.761198 0.263889 0.036979 0.053704
0 0.717448 0.208333 0.046354 0.042593
0 0.225000 0.327778 0.048958 0.051852
