0 0.307552 0.746759 0.186979 0.141667
0 0.382292 0.394444 0.091667 0.103704
0 0.365104 0.439352 0.096875 0.095370
0 0.354948 0.500463 0.115104 0.089815
0 0.352865 0.544444 0.140104 0.059259
0 0.342448 0.619907 0.184896 0.108333
0 0.588021 0.323148 0.089583 0.124074
0 0.558854 0.176389 0.040625 0.054630
0 0.886458 0.398148 0.058333 0.101852
0 0.821615 0.345833 0.063021 0.080556
0 0.675000 0.301389 0.061458 0.075000
0 0.654687 0.244444 0.061458 0.070370
0 0.730208 0.209259 0.047917 0.064815
0 0.223698 0.342130 0.061979 0.069444
0 0.101302 0.431944 0.053646 0.063889
0 0.058073 0.539815 0.074479 0.090741
