0 0.579948 0.318056 0.076563 0.136111
0 0.679688 0.296296 0.072917 0.109259
0 0.834115 0.347685 0.066146 0.087963
0 0.884635 0.409722 0.058854 0.078704
0 0.725000 0.201852 0.059375 0.079630
0 0.547135 0.186111 0.072396 0.090741
0 0.416406 0.214815 0.048438 0.059259
0 0.392969 0.329167 0.074479 0.110185
0 0.357292 0.567130 0.115625 0.149074
0 0.269531 0.529630 0.096354 0.198148
0 0.248958 0.743056 0.143750 0.160185
0 0.047917 0.663889 0.078125 0.105556
0 0.104427 0.455556 0.082812 0.118519
0 0.217969 0.324537 0.064062 0.084259
