0 0.588802 0.320370 0.071354 0.122222
0 0.677865 0.300926 0.071354 0.075926
0 0.883594 0.410648 0.043229 0.075000
0 0.826562 0.342130 0.064583 0.058333
0 0.730208 0.216204 0.064583 0.073148
0 0.533073 0.183796 0.047396 0.080556
0 0.417448 0.199537 0.048438 0.067593
0 0.396875 0.318981 0.056250 0.121296
0 0.279948 0.597685 0.123438 0.137963
0 0.266927 0.486111 0.077604 0.135185
0 0.266406 0.768519 0.184896 0.194444
0 0.039844 0.613889 0.078646 0.225926
0 0.115625 0.463426 0.092708 0.150926
0 0.211979 0.322222 0.062500 0.066667
