0 0.323437 0.731481 0.172917 0.183333
0 0.163281 0.598611 0.120313 0.130556
0 0.582812 0.327778 0.092708 0.105556
0 0.635677 0.311111 0.033854 0.127778
0 0.589583 0.255093 0.064583 0.117593
0 0.536198 0.177315 0.043229 0.054630
0 0.401302 0.307407 0.042188 0.103704
0 0.388281 0.271759 0.040104 0.093519
0 0.245052 0.418519 0.072396 0.124074
0 0.220833 0.327778 0.081250 0.061111
0 0.882031 0.399537 0.065104 0.082407
0 0.835156 0.343056 0.063021 0.065741
0 0.771094 0.267593 0.040104 0.059259
0 0.724740 0.206944 0.050521 0.080556
