0 0.298438 0.627778 0.164583 0.125926
0 0.306771 0.512500 0.065625 0.123148
0 0.366927 0.360185 0.079687 0.138889
0 0.224740 0.333796 0.072396 0.073148
0 0.114323 0.459259 0.092188 0.116667
0 0.046354 0.537963 0.090625 0.094444
0 0.035677 0.648611 0.068229 0.121296
0 0.894792 0.397685 0.078125 0.084259
0 0.835156 0.350463 0.064062 0.091667
0 0.759896 0.268056 0.067708 0.073148
0 0.678125 0.306019 0.066667 0.073148
0 0.582812 0.303704 0.087500 0.100000
0 0.532552 0.174537 0.055729 0.060185
0 0.423958 0.218056 0.040625 0.073148
0 0.725781 0.202315 0.048438 0.062037
