0 0.328906 0.579167 0.102604 0.186111
0 0.280469 0.525463 0.072396 0.195370
0 0.382292 0.343981 0.056250 0.115741
0 0.586979 0.316204 0.069792 0.121296
0 0.417708 0.215278 0.029167 0.071296
0 0.534896 0.168519 0.050000 0.075926
0 0.669792 0.313426 0.071875 0.084259
0 0.883854 0.397222 0.057292 0.094444
0 0.833333 0.341204 0.058333 0.067593
0 0.762240 0.266667 0.060937 0.057407
0 0.721354 0.211111 0.046875 0.066667
0 0.103646 0.454630 0.064583 0.131481
0 0.034896 0.547685 0.052083 0.108333
0 0.033073 0.664815 0.065104 0.122222
0 0.262500 0.771759 0.190625 0.208333
0 0.219010 0.337963 0.072396 0.081481
