0 0.247917 0.759259 0.160417 0.170370
0 0.294792 0.529167 0.043750 0.121296
0 0.339583 0.577778 0.089583 0.157407
0 0.368750 0.359259 0.113542 0.125926
0 0.582552 0.319444 0.096354 0.137037
0 0.041146 0.606944 0.069792 0.228704
0 0.108594 0.446759 0.086979 0.130556
0 0.215104 0.321296 0.072917 0.081481
0 0.416406 0.228704 0.034896 0.085185
0 0.536979 0.180093 0.069792 0.099074
0 0.885417 0.415278 0.067708 0.097222
0 0.837760 0.347685 0.064062 0.071296
0 0.670573 0.308333 0.054688 0.085185
0 0.759896 0.265741 0.055208 0.083333
0 0.723437 0.212963 0.061458 0.066667
