0 0.349219 0.565741 0.108854 0.166667
0 0.254427 0.771759 0.133854 0.158333
0 0.270573 0.536111 0.082812 0.196296
0 0.046875 0.611111 0.083333 0.209259
0 0.106510 0.451389 0.065104 0.150926
0 0.216406 0.324074 0.071354 0.087037
0 0.389583 0.338426 0.061458 0.126852
0 0.416146 0.220370 0.030208 0.070370
0 0.589844 0.318519 0.080729 0.120370
0 0.543490 0.186574 0.085938 0.093519
0 0.674479 0.294444 0.064583 0.081481
0 0.883594 0.403704 0.061979 0.079630
0 0.833073 0.347685 0.063021 0.076852
0 0.757031 0.266667 0.049479 0.064815
0 0.724219 0.210648 0.055729 0.071296
