0 0.320573 0.741667 0.175521 0.194444
0 0.585417 0.321759 0.098958 0.099074
0 0.659375 0.263426 0.084375 0.130556
0 0.889323 0.403241 0.067187 0.080556
0 0.833594 0.342130 0.056771 0.073148
0 0.767969 0.250000 0.041146 0.075926
0 0.730469 0.206481 0.067187 0.087037
0 0.531771 0.164815 0.051042 0.057407
0 0.398177 0.312037 0.052604 0.100000
0 0.164323 0.588426 0.124479 0.123148
0 0.115365 0.460648 0.092188 0.128704
0 0.245833 0.422222 0.092708 0.140741
0 0.323958 0.484722 0.055208 0.141667
0 0.216927 0.323611 0.054688 0.063889
