0 0.323698 0.731481 0.177604 0.190741
0 0.167708 0.603241 0.115625 0.126852
0 0.584896 0.325926 0.095833 0.127778
0 0.576302 0.247685 0.057813 0.071296
0 0.659635 0.260648 0.061979 0.097222
0 0.886198 0.401389 0.071354 0.095370
0 0.828906 0.343519 0.066146 0.072222
0 0.768229 0.261111 0.036458 0.087037
0 0.728125 0.217593 0.038542 0.053704
0 0.250781 0.417593 0.079687 0.111111
0 0.334115 0.362963 0.050521 0.094444
0 0.113542 0.444907 0.091667 0.112037
0 0.214062 0.336574 0.085417 0.097222
0 0.402865 0.315741 0.045312 0.120370
