0 0.262760 0.795833 0.158854 0.193519
0 0.305990 0.693056 0.156771 0.123148
0 0.329948 0.608796 0.126562 0.121296
0 0.258594 0.420833 0.099479 0.112037
0 0.585417 0.329167 0.100000 0.113889
0 0.391667 0.334259 0.036458 0.090741
0 0.657292 0.256944 0.054167 0.089815
0 0.894531 0.413426 0.072396 0.093519
0 0.829688 0.335648 0.066667 0.062037
0 0.774479 0.260185 0.059375 0.062963
0 0.728646 0.208796 0.070833 0.097222
0 0.543490 0.171759 0.057813 0.062037
0 0.222135 0.325926 0.064062 0.066667
0 0.115885 0.458796 0.063021 0.128704
