0 0.369271 0.360648 0.086458 0.112037
0 0.287500 0.618056 0.122917 0.112037
0 0.316146 0.506481 0.098958 0.118519
0 0.275781 0.759259 0.166146 0.174074
0 0.119792 0.434722 0.089583 0.091667
0 0.042969 0.567130 0.073438 0.156481
0 0.223958 0.331944 0.070833 0.063889
0 0.416146 0.220370 0.016667 0.057407
0 0.536979 0.174537 0.058333 0.075000
0 0.724479 0.209259 0.048958 0.064815
0 0.880990 0.410648 0.063021 0.071296
0 0.833594 0.344444 0.073438 0.079630
0 0.765625 0.275926 0.037500 0.042593
0 0.683073 0.302778 0.081771 0.064815
0 0.583333 0.311111 0.080208 0.111111
