0 0.365365 0.353704 0.079687 0.125926
0 0.577344 0.309722 0.068229 0.089815
0 0.292708 0.625926 0.180208 0.201852
0 0.269792 0.524074 0.046875 0.092593
0 0.218750 0.325463 0.056250 0.052778
0 0.176042 0.526389 0.177083 0.123148
0 0.040104 0.583796 0.073958 0.173148
0 0.111458 0.455093 0.073958 0.139815
0 0.269271 0.764815 0.163542 0.201852
0 0.885938 0.406944 0.068750 0.080556
0 0.833333 0.347685 0.062500 0.076852
0 0.760677 0.268981 0.061979 0.063889
0 0.731510 0.210648 0.058854 0.071296
0 0.678646 0.310648 0.071875 0.071296
0 0.537240 0.172685 0.063021 0.067593
