0 0.139583 0.605556 0.107292 0.164815
0 0.258073 0.766667 0.158854 0.161111
0 0.269010 0.483796 0.071354 0.175000
0 0.400781 0.328704 0.064062 0.125926
0 0.423958 0.212963 0.054167 0.096296
0 0.528906 0.180556 0.046354 0.096296
0 0.584896 0.312963 0.079167 0.124074
0 0.672135 0.311111 0.068229 0.081481
0 0.757552 0.275000 0.055729 0.048148
0 0.715885 0.207407 0.055729 0.083333
0 0.827604 0.355556 0.069792 0.075926
0 0.890365 0.402778 0.054688 0.088889
0 0.119010 0.438889 0.084896 0.101852
0 0.219792 0.322685 0.060417 0.073148
