0 0.222135 0.749537 0.120313 0.249074
0 0.331250 0.713889 0.166667 0.131481
0 0.330208 0.577315 0.056250 0.173148
0 0.396615 0.341204 0.041146 0.134259
0 0.584896 0.325926 0.079167 0.137037
0 0.660156 0.247685 0.065104 0.095370
0 0.888281 0.399537 0.064062 0.087963
0 0.834635 0.336111 0.060937 0.064815
0 0.776042 0.258333 0.067708 0.050000
0 0.537240 0.177778 0.053646 0.074074
0 0.215104 0.324074 0.083333 0.087037
0 0.107552 0.443056 0.057813 0.102778
0 0.053385 0.550463 0.060937 0.115741
0 0.246354 0.415741 0.096875 0.112963
