0 0.586458 0.312963 0.072917 0.125926
0 0.671615 0.302315 0.066146 0.104630
0 0.761979 0.275926 0.054167 0.100000
0 0.828385 0.341204 0.076563 0.087963
0 0.885417 0.412500 0.060417 0.063889
0 0.731250 0.217130 0.064583 0.080556
0 0.531250 0.186111 0.066667 0.118519
0 0.413542 0.199074 0.044792 0.075926
0 0.396615 0.325000 0.061979 0.116667
0 0.267708 0.495370 0.092708 0.146296
0 0.193229 0.611574 0.136458 0.149074
0 0.264583 0.770370 0.170833 0.151852
0 0.038802 0.618056 0.065104 0.189815
0 0.102865 0.443056 0.079687 0.143519
0 0.221615 0.333796 0.070312 0.084259
