0 0.266667 0.771759 0.163542 0.204630
0 0.131771 0.605556 0.111458 0.120370
0 0.272656 0.476389 0.086979 0.125000
0 0.397917 0.321759 0.055208 0.108333
0 0.422396 0.215278 0.023958 0.060185
0 0.525260 0.182870 0.048438 0.110185
0 0.587760 0.317130 0.070312 0.110185
0 0.676823 0.303241 0.057813 0.087963
0 0.885677 0.409259 0.063021 0.092593
0 0.830729 0.342130 0.073958 0.082407
0 0.761979 0.274074 0.040625 0.055556
0 0.724479 0.212500 0.059375 0.065741
0 0.229427 0.343056 0.076563 0.086111
0 0.109115 0.452778 0.078646 0.096296
