0 0.344531 0.348611 0.043229 0.128704
0 0.575000 0.314352 0.072917 0.097222
0 0.166667 0.603241 0.112500 0.145370
0 0.206510 0.325000 0.029687 0.050000
0 0.288281 0.624074 0.139063 0.153704
0 0.270052 0.772222 0.169271 0.175926
0 0.041667 0.598148 0.076042 0.172222
0 0.122917 0.425000 0.084375 0.120370
0 0.889062 0.410648 0.057292 0.067593
0 0.832031 0.350000 0.066146 0.062963
0 0.768750 0.272222 0.063542 0.072222
0 0.536198 0.171759 0.061979 0.071296
0 0.727344 0.199074 0.047396 0.061111
0 0.396875 0.320833 0.038542 0.119444
