0 0.319271 0.765741 0.200000 0.166667
0 0.603125 0.331944 0.092708 0.128704
0 0.291927 0.678241 0.079687 0.097222
0 0.324219 0.641204 0.138021 0.136111
0 0.359375 0.592130 0.137500 0.137963
0 0.352344 0.501852 0.106771 0.094444
0 0.360417 0.429167 0.087500 0.095370
0 0.383854 0.406944 0.111458 0.130556
0 0.884896 0.403704 0.054167 0.077778
0 0.834896 0.339815 0.061458 0.061111
0 0.768229 0.265278 0.046875 0.041667
0 0.721615 0.208796 0.040104 0.054630
0 0.657552 0.248611 0.064062 0.084259
0 0.674219 0.302315 0.058854 0.060185
0 0.548438 0.173148 0.046875 0.068519
0 0.215365 0.323148 0.054688 0.072222
0 0.109115 0.476389 0.053646 0.097222
0 0.048698 0.546759 0.051562 0.080556
