0 0.251563 0.783333 0.133333 0.222222
0 0.332031 0.581944 0.066146 0.145370
0 0.324219 0.705093 0.157812 0.152778
0 0.594271 0.328241 0.084375 0.128704
0 0.539844 0.182407 0.059896 0.081481
0 0.881250 0.401852 0.063542 0.074074
0 0.837760 0.344907 0.073438 0.080556
0 0.680208 0.299074 0.068750 0.055556
0 0.658854 0.234722 0.061458 0.071296
0 0.720833 0.209259 0.048958 0.072222
0 0.766146 0.262037 0.057292 0.048148
0 0.215104 0.318981 0.045833 0.047222
0 0.397135 0.332407 0.053646 0.112963
0 0.251823 0.431019 0.090104 0.086111
0 0.119271 0.453704 0.069792 0.087037
0 0.055469 0.539815 0.075521 0.107407
