0 0.326823 0.743519 0.181771 0.201852
0 0.277083 0.448611 0.064583 0.156481
0 0.401042 0.329630 0.058333 0.120370
0 0.555208 0.225926 0.033333 0.114815
0 0.586198 0.349537 0.064062 0.134259
0 0.535156 0.174537 0.057813 0.058333
0 0.401823 0.261111 0.038021 0.064815
0 0.111719 0.452315 0.075521 0.110185
0 0.110937 0.620833 0.073958 0.134259
0 0.221875 0.330093 0.072917 0.099074
0 0.891406 0.407407 0.061979 0.079630
0 0.830469 0.340741 0.072396 0.098148
0 0.677083 0.303241 0.075000 0.087963
0 0.764583 0.256019 0.047917 0.054630
0 0.723958 0.214815 0.054167 0.088889
