0 0.316667 0.715278 0.189583 0.221296
0 0.132292 0.599537 0.064583 0.160185
0 0.583333 0.334722 0.069792 0.108333
0 0.622917 0.345370 0.044792 0.146296
0 0.591406 0.257407 0.073438 0.101852
0 0.676823 0.299537 0.072396 0.075000
0 0.832031 0.337037 0.070312 0.070370
0 0.886719 0.403241 0.060937 0.099074
0 0.762500 0.263889 0.044792 0.048148
0 0.727604 0.208796 0.052083 0.075000
0 0.534115 0.162500 0.052604 0.050926
0 0.411458 0.307407 0.059375 0.088889
0 0.214323 0.326389 0.057813 0.067593
0 0.264844 0.422685 0.096354 0.152778
