0 0.366667 0.357870 0.082292 0.130556
0 0.195573 0.529167 0.194271 0.134259
0 0.261979 0.783796 0.191667 0.250926
0 0.207292 0.325463 0.033333 0.052778
0 0.884115 0.413889 0.065104 0.083333
0 0.847396 0.338889 0.091667 0.059259
0 0.764844 0.269444 0.058854 0.070370
0 0.680729 0.306944 0.062500 0.054630
0 0.586198 0.317130 0.082812 0.108333
0 0.536198 0.183333 0.061979 0.072222
0 0.722917 0.207407 0.056250 0.066667
0 0.044271 0.589352 0.087500 0.163889
0 0.111458 0.443981 0.082292 0.134259
0 0.299740 0.632870 0.170313 0.141667
0 0.285677 0.525463 0.061979 0.106481
0 0.257031 0.247685 0.057813 0.069444
