0 0.264323 0.802315 0.163021 0.213889
0 0.305208 0.622685 0.131250 0.182407
0 0.283854 0.728241 0.148958 0.165741
0 0.397135 0.353241 0.049479 0.119444
0 0.602083 0.306019 0.089583 0.113889
0 0.538281 0.177315 0.055729 0.084259
0 0.672656 0.304630 0.077604 0.051852
0 0.657292 0.247222 0.062500 0.081481
0 0.886719 0.400926 0.061979 0.085185
0 0.830208 0.336111 0.063542 0.057407
0 0.773698 0.259259 0.064062 0.055556
0 0.723437 0.207407 0.053125 0.044444
0 0.248438 0.418056 0.093750 0.093519
0 0.220052 0.326389 0.058854 0.060185
0 0.107552 0.430093 0.063021 0.084259
0 0.037760 0.661111 0.073438 0.118519
0 0.050781 0.548611 0.065104 0.076852
