0 0.323958 0.727778 0.172917 0.196296
0 0.401562 0.331019 0.056250 0.097222
0 0.400000 0.271759 0.043750 0.076852
0 0.553385 0.228704 0.038021 0.087037
0 0.585938 0.332407 0.057292 0.122222
0 0.679948 0.297685 0.060937 0.087963
0 0.888802 0.400926 0.057813 0.092593
0 0.829948 0.349537 0.061979 0.078704
0 0.761719 0.259722 0.042188 0.071296
0 0.723958 0.202315 0.044792 0.050926
0 0.106771 0.620833 0.068750 0.178704
0 0.273698 0.437963 0.067187 0.151852
0 0.110937 0.459722 0.073958 0.119444
0 0.223698 0.337037 0.072396 0.072222
0 0.539583 0.163426 0.060417 0.056481
