0 0.312240 0.769444 0.197396 0.188889
0 0.594271 0.326852 0.082292 0.114815
0 0.890104 0.400926 0.059375 0.094444
0 0.825000 0.336574 0.062500 0.080556
0 0.765885 0.266204 0.050521 0.067593
0 0.719271 0.202778 0.039583 0.051852
0 0.657031 0.248148 0.055729 0.081481
0 0.545052 0.166667 0.061979 0.072222
0 0.387240 0.393519 0.099479 0.107407
0 0.369792 0.445370 0.102083 0.098148
0 0.360938 0.504167 0.126042 0.099074
0 0.352344 0.559259 0.134896 0.098148
0 0.328646 0.638426 0.144792 0.113889
0 0.111198 0.493981 0.068229 0.115741
0 0.220312 0.327778 0.050000 0.055556
