0 0.270833 0.758796 0.181250 0.175000
0 0.125260 0.597222 0.107813 0.170370
0 0.110937 0.450926 0.082292 0.101852
0 0.280990 0.468519 0.060937 0.142593
0 0.401562 0.331944 0.053125 0.137963
0 0.593490 0.321296 0.078646 0.114815
0 0.567708 0.225463 0.036458 0.097222
0 0.525521 0.169444 0.050000 0.057407
0 0.416667 0.214815 0.043750 0.064815
0 0.220052 0.327778 0.077604 0.090741
0 0.884635 0.406481 0.064062 0.085185
0 0.835156 0.338426 0.064062 0.067593
0 0.766146 0.277778 0.056250 0.055556
0 0.677344 0.294907 0.066146 0.075000
0 0.728906 0.207870 0.046354 0.082407
