0 0.162240 0.602315 0.128646 0.134259
0 0.316927 0.729630 0.144271 0.159259
0 0.394792 0.312037 0.089583 0.100000
0 0.250781 0.425000 0.088021 0.096296
0 0.332292 0.534722 0.065625 0.165741
0 0.588281 0.327315 0.100521 0.128704
0 0.536719 0.187037 0.047396 0.090741
0 0.885417 0.401852 0.054167 0.083333
0 0.830469 0.343056 0.066146 0.060185
0 0.771094 0.254630 0.043229 0.074074
0 0.726302 0.207407 0.040104 0.066667
0 0.664062 0.243981 0.065625 0.087963
0 0.113281 0.467130 0.086979 0.147222
0 0.219271 0.323611 0.062500 0.080556
