0 0.324219 0.729167 0.178646 0.195370
0 0.279167 0.442130 0.069792 0.160185
0 0.395833 0.332407 0.052083 0.103704
0 0.553125 0.226389 0.046875 0.080556
0 0.581250 0.345370 0.061458 0.105556
0 0.529948 0.160185 0.045312 0.062963
0 0.106771 0.450463 0.072917 0.113889
0 0.109115 0.630556 0.074479 0.181481
0 0.883594 0.402315 0.047396 0.087963
0 0.831250 0.339352 0.048958 0.050926
0 0.766146 0.259722 0.042708 0.052778
0 0.679167 0.302778 0.062500 0.048148
0 0.721094 0.219907 0.042188 0.058333
0 0.222135 0.325000 0.072396 0.077778
0 0.404167 0.262037 0.044792 0.061111
