0 0.316667 0.730093 0.180208 0.191667
0 0.169531 0.593519 0.132812 0.129630
0 0.246875 0.411574 0.094792 0.123148
0 0.349219 0.355556 0.057813 0.133333
0 0.400000 0.317130 0.032292 0.123148
0 0.588542 0.321759 0.087500 0.117593
0 0.588281 0.243519 0.039062 0.096296
0 0.649479 0.250000 0.065625 0.083333
0 0.725781 0.207870 0.052604 0.076852
0 0.768750 0.262037 0.066667 0.066667
0 0.829688 0.348611 0.091667 0.060185
0 0.884896 0.404167 0.061458 0.097222
0 0.211458 0.318056 0.062500 0.067593
0 0.534115 0.164352 0.056771 0.078704
