0 0.368229 0.353704 0.081250 0.105556
0 0.291406 0.633333 0.144271 0.153704
0 0.299219 0.517593 0.061979 0.107407
0 0.266927 0.768056 0.181771 0.178704
0 0.676562 0.307407 0.082292 0.096296
0 0.584635 0.316204 0.070312 0.125000
0 0.823698 0.348611 0.072396 0.087963
0 0.884375 0.414815 0.047917 0.088889
0 0.721094 0.209259 0.045312 0.068519
0 0.117969 0.441667 0.068229 0.090741
0 0.221354 0.337963 0.051042 0.066667
0 0.041927 0.574074 0.078646 0.161111
0 0.414062 0.224074 0.025000 0.068519
0 0.532552 0.166204 0.059896 0.075000
0 0.762760 0.268056 0.049479 0.037963
