0 0.372135 0.362500 0.101562 0.117593
0 0.397656 0.305093 0.048438 0.067593
0 0.588542 0.309722 0.066667 0.100926
0 0.672656 0.298148 0.078646 0.094444
0 0.888021 0.412963 0.063542 0.068519
0 0.836979 0.344444 0.079167 0.088889
0 0.760417 0.275463 0.054167 0.067593
0 0.728646 0.209259 0.059375 0.079630
0 0.532813 0.166204 0.054167 0.067593
0 0.283854 0.625000 0.138542 0.109259
0 0.277083 0.748611 0.158333 0.125000
0 0.045312 0.564352 0.054167 0.126852
0 0.113542 0.448148 0.078125 0.151852
0 0.223698 0.333796 0.089063 0.100926
0 0.278125 0.531481 0.053125 0.118519
