0 0.316146 0.758333 0.194792 0.150000
0 0.595052 0.327778 0.081771 0.162963
0 0.661458 0.254167 0.069792 0.106481
0 0.888542 0.408333 0.070833 0.092593
0 0.829948 0.343981 0.052604 0.069444
0 0.769792 0.256019 0.055208 0.062037
0 0.722135 0.191667 0.046354 0.066667
0 0.545573 0.180556 0.061979 0.061111
0 0.222135 0.328241 0.064062 0.073148
0 0.380469 0.397222 0.097396 0.098148
0 0.372396 0.430556 0.094792 0.075926
0 0.353646 0.496759 0.133333 0.071296
0 0.347917 0.546296 0.152083 0.090741
0 0.346875 0.626389 0.198958 0.113889
0 0.108333 0.479167 0.068750 0.106481
