0 0.366146 0.356944 0.079167 0.121296
0 0.581771 0.316667 0.070833 0.103704
0 0.262240 0.758333 0.165104 0.151852
0 0.177083 0.619907 0.125000 0.149074
0 0.224219 0.331019 0.066146 0.063889
0 0.270573 0.600000 0.070312 0.168519
0 0.888021 0.403241 0.067708 0.086111
0 0.832292 0.341667 0.070833 0.083333
0 0.253125 0.242130 0.048958 0.060185
0 0.530990 0.169907 0.056771 0.073148
0 0.122917 0.433333 0.105208 0.098148
0 0.046094 0.592593 0.075521 0.183333
0 0.727083 0.202778 0.045833 0.068519
0 0.678385 0.311111 0.074479 0.077778
