0 0.306250 0.774537 0.190625 0.173148
0 0.583594 0.330556 0.079687 0.138889
0 0.882031 0.403704 0.060937 0.081481
0 0.826562 0.334722 0.076042 0.054630
0 0.762760 0.260185 0.056771 0.044444
0 0.725260 0.206481 0.043229 0.037037
0 0.657031 0.244907 0.065104 0.076852
0 0.539844 0.175926 0.064062 0.046296
0 0.390625 0.400000 0.096875 0.103704
0 0.366406 0.450000 0.101562 0.090741
0 0.353646 0.510185 0.129167 0.107407
0 0.340625 0.560648 0.140625 0.082407
0 0.333333 0.622222 0.177083 0.111111
0 0.227344 0.337963 0.067187 0.068519
0 0.133073 0.443056 0.066146 0.043519
