0 0.340625 0.222222 0.027083 0.042593
0 0.218490 0.327315 0.054688 0.056481
0 0.363021 0.357407 0.089583 0.137037
0 0.411719 0.262037 0.044271 0.085185
0 0.582552 0.309722 0.074479 0.093519
0 0.676823 0.306481 0.077604 0.094444
0 0.832292 0.346296 0.071875 0.085185
0 0.889323 0.403704 0.054688 0.081481
0 0.721875 0.201389 0.062500 0.073148
0 0.309375 0.637500 0.146875 0.126852
0 0.276302 0.525000 0.049479 0.105556
0 0.267708 0.767130 0.159375 0.169444
0 0.217708 0.514815 0.087500 0.094444
0 0.045833 0.600000 0.090625 0.188889
0 0.120573 0.437037 0.081771 0.127778
0 0.533854 0.165741 0.058333 0.081481
