0 0.252604 0.763889 0.151042 0.175926
0 0.131510 0.608796 0.114062 0.130556
0 0.265104 0.496759 0.062500 0.147222
0 0.399740 0.333796 0.059896 0.117593
0 0.411719 0.201852 0.053646 0.098148
0 0.529427 0.190278 0.047396 0.102778
0 0.578385 0.315741 0.079687 0.122222
0 0.676823 0.302778 0.068229 0.081481
0 0.830990 0.346296 0.063021 0.090741
0 0.889844 0.404630 0.050521 0.085185
0 0.759375 0.273148 0.052083 0.051852
0 0.722396 0.214815 0.044792 0.064815
0 0.112240 0.446296 0.074479 0.120370
0 0.222656 0.325926 0.073438 0.090741
