0 0.259635 0.773148 0.175521 0.201852
0 0.346875 0.550000 0.113542 0.185185
0 0.271615 0.537963 0.099479 0.166667
0 0.112500 0.454630 0.069792 0.138889
0 0.029948 0.559722 0.058854 0.145370
0 0.389583 0.347222 0.061458 0.133333
0 0.586719 0.320370 0.072396 0.100000
0 0.417969 0.219444 0.024479 0.062963
0 0.537760 0.171759 0.064062 0.078704
0 0.678385 0.300000 0.074479 0.083333
0 0.828125 0.347222 0.067708 0.075926
0 0.886719 0.395370 0.046354 0.081481
0 0.725521 0.204630 0.064583 0.075926
0 0.222135 0.329630 0.069271 0.051852
