0 0.332031 0.740278 0.218229 0.208333
0 0.134896 0.606944 0.067708 0.163889
0 0.269792 0.426852 0.087500 0.144444
0 0.104427 0.444907 0.063021 0.106481
0 0.593229 0.345370 0.041667 0.114815
0 0.582031 0.231481 0.059896 0.070370
0 0.399479 0.303704 0.042708 0.092593
0 0.579948 0.275926 0.053646 0.083333
0 0.896094 0.406019 0.067187 0.086111
0 0.832031 0.356481 0.079687 0.088889
0 0.768490 0.265741 0.061979 0.051852
0 0.676302 0.309259 0.080729 0.075926
0 0.723958 0.206944 0.063542 0.080556
0 0.537240 0.171296 0.063021 0.072222
0 0.221875 0.329630 0.064583 0.074074
