0 0.323698 0.742593 0.200521 0.211111
0 0.126562 0.608796 0.065625 0.176852
0 0.256771 0.424537 0.079167 0.136111
0 0.618490 0.385185 0.080729 0.066667
0 0.590104 0.325463 0.084375 0.089815
0 0.577865 0.255556 0.040104 0.109259
0 0.403906 0.302315 0.046354 0.087963
0 0.529427 0.174074 0.057813 0.092593
0 0.889062 0.400926 0.066667 0.090741
0 0.827865 0.345370 0.068229 0.055556
0 0.765625 0.266667 0.043750 0.040741
0 0.718490 0.207407 0.047396 0.048148
0 0.679948 0.299537 0.061979 0.080556
0 0.109896 0.456481 0.086458 0.100000
0 0.218490 0.328704 0.075521 0.092593
