0 0.326302 0.742130 0.177604 0.178704
0 0.616406 0.405556 0.051562 0.140741
0 0.598698 0.324074 0.098437 0.103704
0 0.575781 0.231019 0.042188 0.065741
0 0.543490 0.177315 0.065104 0.087963
0 0.891927 0.397685 0.050521 0.082407
0 0.825781 0.337500 0.056771 0.065741
0 0.766146 0.258333 0.052083 0.051852
0 0.676042 0.301389 0.053125 0.045370
0 0.730208 0.212500 0.058333 0.091667
0 0.128906 0.603704 0.067187 0.159259
0 0.403125 0.314815 0.047917 0.111111
0 0.219792 0.330093 0.072917 0.086111
0 0.246354 0.403241 0.103125 0.137963
