0 0.348958 0.553704 0.109375 0.172222
0 0.300521 0.525463 0.058333 0.152778
0 0.269010 0.763426 0.175521 0.150926
0 0.042448 0.658796 0.074479 0.113889
0 0.058333 0.538889 0.089583 0.109259
0 0.112240 0.431481 0.070312 0.100000
0 0.367969 0.361111 0.095312 0.111111
0 0.219271 0.330093 0.059375 0.060185
0 0.421875 0.224537 0.044792 0.076852
0 0.576302 0.314815 0.098437 0.120370
0 0.539062 0.175463 0.047917 0.054630
0 0.676042 0.301852 0.056250 0.092593
0 0.833333 0.336574 0.060417 0.080556
0 0.888802 0.414815 0.047396 0.088889
0 0.723437 0.206481 0.061458 0.079630
