0 0.315885 0.731019 0.183854 0.210185
0 0.614323 0.393056 0.059896 0.134259
0 0.591146 0.331481 0.063542 0.112963
0 0.587500 0.260185 0.068750 0.090741
0 0.536458 0.169907 0.056250 0.075000
0 0.405729 0.308796 0.053125 0.093519
0 0.131250 0.611111 0.051042 0.161111
0 0.252344 0.422685 0.080729 0.149074
0 0.104427 0.465278 0.090104 0.130556
0 0.891927 0.411574 0.069271 0.102778
0 0.834375 0.345833 0.076042 0.080556
0 0.763021 0.279630 0.065625 0.066667
0 0.684375 0.313426 0.079167 0.082407
0 0.223177 0.318981 0.076563 0.073148
