0 0.579688 0.318519 0.068750 0.114815
0 0.680469 0.300463 0.076563 0.091667
0 0.880729 0.412963 0.054167 0.083333
0 0.830729 0.342130 0.064583 0.043519
0 0.766146 0.262963 0.056250 0.074074
0 0.732031 0.206944 0.058854 0.076852
0 0.528385 0.181481 0.056771 0.101852
0 0.415625 0.190278 0.043750 0.067593
0 0.395833 0.334259 0.046875 0.133333
0 0.301302 0.581944 0.056771 0.145370
0 0.277604 0.483333 0.052083 0.131481
0 0.278646 0.769444 0.189583 0.181481
0 0.044792 0.600926 0.088542 0.246296
0 0.115625 0.447222 0.078125 0.137037
0 0.217708 0.323148 0.071875 0.072222
