0 0.329948 0.717130 0.166146 0.178704
0 0.130990 0.611574 0.075521 0.169444
0 0.266146 0.423148 0.066667 0.155556
0 0.220833 0.320833 0.065625 0.093519
0 0.588542 0.340278 0.076042 0.119444
0 0.550521 0.225926 0.051042 0.072222
0 0.400260 0.325000 0.055729 0.100000
0 0.404427 0.265278 0.035937 0.067593
0 0.114583 0.451389 0.077083 0.086111
0 0.888021 0.407407 0.073958 0.079630
0 0.830990 0.336574 0.067187 0.056481
0 0.682292 0.307407 0.070833 0.087037
0 0.767188 0.262500 0.035417 0.049074
0 0.719531 0.214815 0.055729 0.070370
0 0.040885 0.665741 0.079687 0.127778
