0 0.592708 0.308796 0.079167 0.112037
0 0.533333 0.177778 0.047917 0.077778
0 0.413542 0.180556 0.038542 0.062963
0 0.398438 0.323611 0.071875 0.119444
0 0.321094 0.590741 0.092188 0.133333
0 0.276823 0.499537 0.065104 0.137963
0 0.263542 0.768981 0.175000 0.187963
0 0.111979 0.444444 0.081250 0.122222
0 0.225521 0.322685 0.085417 0.084259
0 0.674479 0.302778 0.078125 0.072222
0 0.881771 0.412500 0.066667 0.084259
0 0.832031 0.345370 0.069271 0.075926
0 0.728385 0.216204 0.058854 0.065741
0 0.049479 0.598148 0.058333 0.205556
