0 0.592969 0.312037 0.069271 0.096296
0 0.542969 0.206944 0.052604 0.093519
0 0.727083 0.202778 0.055208 0.074074
0 0.761198 0.273148 0.052604 0.048148
0 0.676042 0.312963 0.071875 0.081481
0 0.886719 0.411111 0.057813 0.103704
0 0.828385 0.348611 0.073438 0.043519
0 0.265885 0.481481 0.079687 0.144444
0 0.134375 0.598148 0.092708 0.135185
0 0.263021 0.769444 0.167708 0.174074
0 0.116927 0.452778 0.080729 0.122222
0 0.214844 0.331019 0.064062 0.075000
0 0.396354 0.308796 0.047917 0.123148
0 0.423438 0.212037 0.044792 0.064815
