0 0.267708 0.779167 0.167708 0.173148
0 0.316146 0.593519 0.085417 0.138889
0 0.275260 0.500926 0.067187 0.155556
0 0.400260 0.331944 0.058854 0.145370
0 0.422135 0.199074 0.043229 0.085185
0 0.533854 0.198148 0.052083 0.122222
0 0.581771 0.320833 0.068750 0.115741
0 0.679688 0.294444 0.068750 0.088889
0 0.885156 0.405556 0.057813 0.077778
0 0.834375 0.355556 0.069792 0.100000
0 0.766667 0.266667 0.044792 0.083333
0 0.730469 0.212037 0.066146 0.070370
0 0.217708 0.322685 0.067708 0.073148
0 0.110677 0.444444 0.066146 0.125926
0 0.043490 0.614815 0.083854 0.205556
