0 0.388021 0.405556 0.112500 0.109259
0 0.358594 0.432407 0.111979 0.105556
0 0.347656 0.496759 0.149479 0.080556
0 0.339844 0.560185 0.146354 0.105556
0 0.341406 0.631019 0.179688 0.097222
0 0.320312 0.701852 0.169792 0.131481
0 0.306771 0.783796 0.198958 0.176852
0 0.884896 0.400000 0.061458 0.081481
0 0.828646 0.351852 0.073958 0.072222
0 0.596094 0.325926 0.097396 0.120370
0 0.654427 0.255093 0.063021 0.108333
0 0.726562 0.199537 0.054167 0.076852
0 0.764323 0.262963 0.063021 0.059259
0 0.548438 0.179630 0.070833 0.079630
0 0.222656 0.321296 0.055729 0.050000
0 0.115625 0.446296 0.086458 0.105556
