0 0.300000 0.637037 0.165625 0.137037
0 0.300000 0.532870 0.072917 0.139815
0 0.366667 0.363426 0.093750 0.132407
0 0.418490 0.226852 0.034896 0.087037
0 0.589583 0.317593 0.087500 0.133333
0 0.540104 0.173611 0.073958 0.086111
0 0.724219 0.206944 0.055729 0.075000
0 0.682292 0.311574 0.085417 0.104630
0 0.835938 0.349537 0.079167 0.104630
0 0.878125 0.407407 0.060417 0.103704
0 0.262500 0.764815 0.171875 0.190741
0 0.045833 0.582407 0.077083 0.157407
0 0.115104 0.430556 0.084375 0.100000
0 0.216667 0.327315 0.051042 0.062037
0 0.257031 0.386574 0.080729 0.078704
0 0.254948 0.251389 0.061979 0.073148
