0 0.586979 0.343981 0.067708 0.123148
0 0.547917 0.220833 0.042708 0.065741
0 0.400000 0.325000 0.045833 0.107407
0 0.412240 0.264352 0.045312 0.102778
0 0.293229 0.739815 0.178125 0.190741
0 0.278125 0.473148 0.069792 0.166667
0 0.218490 0.335185 0.076563 0.088889
0 0.101562 0.445833 0.063542 0.147222
0 0.134635 0.604167 0.116146 0.134259
0 0.884375 0.405556 0.062500 0.081481
0 0.836979 0.353704 0.081250 0.105556
0 0.673958 0.313426 0.085417 0.093519
0 0.720573 0.205556 0.052604 0.062963
0 0.765885 0.271759 0.047396 0.043519
