0 0.371615 0.358333 0.093229 0.122222
0 0.585938 0.318519 0.079167 0.125926
0 0.668750 0.299537 0.075000 0.091667
0 0.885417 0.402778 0.058333 0.079630
0 0.834896 0.337500 0.068750 0.084259
0 0.764583 0.275463 0.051042 0.067593
0 0.725781 0.202778 0.046354 0.057407
0 0.421615 0.212963 0.041146 0.075926
0 0.535937 0.168981 0.066667 0.091667
0 0.114583 0.450463 0.080208 0.089815
0 0.310417 0.616667 0.126042 0.150000
0 0.308073 0.498611 0.080729 0.115741
0 0.253646 0.753241 0.163542 0.162037
0 0.047917 0.672222 0.089583 0.120370
0 0.035417 0.552315 0.056250 0.119444
0 0.220833 0.324537 0.068750 0.067593
