0 0.288021 0.775926 0.210417 0.238889
0 0.273958 0.473148 0.068750 0.142593
0 0.134115 0.603704 0.108854 0.135185
0 0.111198 0.456944 0.070312 0.125000
0 0.595052 0.322685 0.075521 0.113889
0 0.555729 0.223148 0.046875 0.075926
0 0.528646 0.165278 0.042708 0.069444
0 0.397135 0.318519 0.047396 0.114815
0 0.419010 0.211574 0.026562 0.056481
0 0.884115 0.412500 0.059896 0.071296
0 0.836979 0.341204 0.086458 0.067593
0 0.675781 0.302315 0.060937 0.080556
0 0.722135 0.205556 0.055729 0.053704
0 0.223958 0.329630 0.080208 0.090741
