0 0.329948 0.742593 0.176563 0.200000
0 0.274740 0.440741 0.059896 0.153704
0 0.400000 0.309259 0.048958 0.094444
0 0.597135 0.343981 0.084896 0.162037
0 0.545573 0.215278 0.047396 0.071296
0 0.889844 0.401852 0.048438 0.092593
0 0.827865 0.344907 0.058854 0.052778
0 0.678385 0.299074 0.061979 0.081481
0 0.772396 0.273148 0.070833 0.081481
0 0.727865 0.209722 0.042188 0.062037
0 0.113281 0.618981 0.086979 0.139815
0 0.112760 0.448611 0.057813 0.117593
0 0.220052 0.332870 0.059896 0.063889
0 0.534375 0.165741 0.052083 0.068519
