0 0.310937 0.764352 0.197917 0.180556
0 0.379688 0.404167 0.086458 0.097222
0 0.364583 0.441667 0.088542 0.081481
0 0.346875 0.503241 0.113542 0.076852
0 0.358854 0.565278 0.152083 0.065741
0 0.333073 0.631944 0.156771 0.117593
0 0.589323 0.343519 0.065104 0.129630
0 0.648438 0.243056 0.063542 0.087963
0 0.890625 0.405556 0.050000 0.111111
0 0.842969 0.340278 0.083854 0.065741
0 0.768229 0.257870 0.051042 0.052778
0 0.723437 0.208333 0.043750 0.059259
0 0.678646 0.302778 0.075000 0.096296
0 0.543750 0.173148 0.054167 0.055556
0 0.227083 0.328704 0.060417 0.050000
0 0.123177 0.450926 0.054688 0.051852
0 0.104167 0.464815 0.051042 0.074074
