0 0.332552 0.337963 0.039062 0.109259
0 0.398177 0.343981 0.047396 0.125000
0 0.277865 0.628704 0.135937 0.140741
0 0.531771 0.170370 0.037500 0.061111
0 0.153906 0.572222 0.110937 0.209259
0 0.580990 0.314352 0.057813 0.097222
0 0.040104 0.593056 0.075000 0.191667
0 0.305208 0.767130 0.162500 0.184259
0 0.123958 0.426389 0.090625 0.100926
0 0.220052 0.331019 0.070312 0.078704
0 0.888021 0.408796 0.061458 0.080556
0 0.835156 0.347222 0.071354 0.085185
0 0.762500 0.275926 0.059375 0.068519
0 0.680729 0.306481 0.069792 0.074074
0 0.729167 0.210185 0.051042 0.064815
0 0.253385 0.239815 0.055729 0.061111
