0 0.278125 0.621296 0.131250 0.161111
0 0.336979 0.447222 0.045833 0.118519
0 0.334896 0.338889 0.034375 0.101852
0 0.579167 0.315741 0.066667 0.101852
0 0.335417 0.338889 0.033333 0.105556
0 0.530990 0.172685 0.044271 0.065741
0 0.120833 0.633796 0.079167 0.108333
0 0.316146 0.781481 0.175000 0.174074
0 0.041927 0.582870 0.050521 0.187963
0 0.226302 0.327778 0.073438 0.057407
0 0.885677 0.406481 0.051562 0.094444
0 0.830990 0.346759 0.068229 0.071296
0 0.675521 0.303704 0.071875 0.068519
0 0.761979 0.278704 0.044792 0.033333
0 0.725781 0.209259 0.054688 0.072222
0 0.371875 0.182870 0.042708 0.039815
0 0.126562 0.440278 0.070833 0.097222
0 0.247917 0.236111 0.045833 0.050000
