0 0.245052 0.769444 0.156771 0.200000
0 0.300521 0.638889 0.125000 0.129630
0 0.275260 0.712037 0.138021 0.161111
0 0.250781 0.416667 0.091146 0.124074
0 0.594010 0.323148 0.058854 0.087037
0 0.542448 0.178241 0.058854 0.067593
0 0.650521 0.238889 0.050000 0.062963
0 0.882552 0.416667 0.069271 0.055556
0 0.826823 0.344444 0.071354 0.079630
0 0.779427 0.275463 0.066146 0.058333
0 0.682031 0.300000 0.068229 0.077778
0 0.726562 0.203704 0.060417 0.090741
0 0.236719 0.326852 0.058854 0.087037
0 0.113542 0.425926 0.078125 0.083333
0 0.039323 0.556481 0.067187 0.116667
