0 0.360417 0.572222 0.132292 0.162963
0 0.299479 0.502315 0.069792 0.119444
0 0.367969 0.366204 0.083854 0.097222
0 0.587760 0.321759 0.094271 0.132407
0 0.532813 0.163426 0.069792 0.099074
0 0.426042 0.221296 0.044792 0.059259
0 0.679688 0.297222 0.078125 0.101852
0 0.825260 0.342130 0.070312 0.084259
0 0.888281 0.412037 0.064062 0.079630
0 0.732552 0.210648 0.057813 0.067593
0 0.247135 0.763426 0.128646 0.171296
0 0.051823 0.605556 0.092188 0.250000
0 0.115365 0.453241 0.082812 0.121296
0 0.224479 0.330093 0.067708 0.084259
