0 0.277604 0.615278 0.135417 0.169444
0 0.335677 0.340278 0.032813 0.104630
0 0.335938 0.339815 0.033333 0.101852
0 0.529948 0.173611 0.040104 0.063889
0 0.579167 0.315741 0.062500 0.098148
0 0.173958 0.524537 0.159375 0.143519
0 0.677604 0.304630 0.061458 0.066667
0 0.302344 0.777778 0.179688 0.205556
0 0.136719 0.628704 0.099479 0.212963
0 0.041146 0.581944 0.071875 0.176852
0 0.123438 0.433796 0.106250 0.117593
0 0.371615 0.412500 0.059896 0.121296
0 0.215365 0.326852 0.059896 0.066667
0 0.884375 0.407407 0.057292 0.081481
0 0.832812 0.339352 0.067708 0.058333
0 0.761458 0.281019 0.059375 0.037963
0 0.723698 0.205093 0.052604 0.063889
