0 0.274479 0.763889 0.186458 0.200000
0 0.130208 0.598148 0.110417 0.138889
0 0.266927 0.475463 0.056771 0.163889
0 0.398698 0.322685 0.056771 0.121296
0 0.589844 0.335185 0.068229 0.101852
0 0.559635 0.225463 0.052604 0.080556
0 0.672135 0.302315 0.064062 0.078704
0 0.891927 0.396296 0.061979 0.079630
0 0.836979 0.345370 0.080208 0.098148
0 0.756771 0.271296 0.052083 0.044444
0 0.721615 0.209259 0.053646 0.072222
0 0.217708 0.329167 0.058333 0.067593
0 0.114323 0.456944 0.076563 0.125000
0 0.047396 0.546759 0.058333 0.097222
0 0.038802 0.677315 0.057813 0.112037
