0 0.310156 0.781481 0.191146 0.181481
0 0.588021 0.320370 0.089583 0.112963
0 0.651302 0.232407 0.068229 0.085185
0 0.890365 0.396759 0.050521 0.076852
0 0.835156 0.340741 0.058854 0.061111
0 0.769792 0.268981 0.058333 0.030556
0 0.672396 0.300926 0.063542 0.050000
0 0.542188 0.170370 0.058333 0.051852
0 0.722917 0.215741 0.057292 0.061111
0 0.109635 0.451389 0.080729 0.086111
0 0.226302 0.329630 0.057813 0.075926
0 0.371615 0.378704 0.082812 0.111111
0 0.364323 0.430556 0.102604 0.103704
0 0.354687 0.513889 0.113542 0.101852
0 0.331510 0.547222 0.133854 0.064815
0 0.329427 0.613889 0.140104 0.081481
0 0.327083 0.698611 0.168750 0.121296
