0 0.346354 0.346759 0.037500 0.082407
0 0.024740 0.672685 0.048438 0.189815
0 0.035677 0.592593 0.050521 0.188889
0 0.526823 0.168519 0.038021 0.055556
0 0.576302 0.318981 0.051562 0.099074
0 0.601042 0.310185 0.020833 0.090741
0 0.284635 0.625463 0.110937 0.100926
0 0.312240 0.515741 0.110937 0.125926
0 0.259635 0.750463 0.149479 0.165741
0 0.889844 0.411111 0.077604 0.088889
0 0.834375 0.357407 0.069792 0.079630
0 0.762500 0.272222 0.055208 0.055556
0 0.677865 0.293981 0.080729 0.060185
0 0.723698 0.203704 0.035937 0.048148
0 0.423438 0.211111 0.036458 0.057407
0 0.217448 0.322685 0.065104 0.062037
0 0.124479 0.437963 0.085417 0.092593
