0 0.299740 0.781019 0.189062 0.184259
0 0.381250 0.381481 0.101042 0.092593
0 0.368490 0.441667 0.114062 0.114815
0 0.366406 0.508796 0.139063 0.082407
0 0.346094 0.625000 0.177604 0.109259
0 0.603646 0.315741 0.079167 0.138889
0 0.557813 0.182407 0.051042 0.061111
0 0.886458 0.405556 0.065625 0.103704
0 0.827344 0.333333 0.055729 0.068519
0 0.770833 0.266667 0.053125 0.068519
0 0.672917 0.296759 0.054167 0.065741
0 0.654167 0.228241 0.056250 0.075000
0 0.222656 0.331944 0.064062 0.089815
0 0.114583 0.442593 0.071875 0.075926
0 0.052083 0.544907 0.063542 0.075000
