0 0.893750 0.419907 0.084375 0.099074
0 0.838281 0.341667 0.093229 0.109259
0 0.772135 0.287037 0.073438 0.111111
0 0.725260 0.210648 0.052604 0.067593
0 0.671875 0.293056 0.073958 0.080556
0 0.583854 0.305093 0.081250 0.115741
0 0.533854 0.168981 0.058333 0.075000
0 0.419010 0.215278 0.022396 0.063889
0 0.391927 0.331944 0.057813 0.119444
0 0.276823 0.529167 0.081771 0.156481
0 0.319792 0.589352 0.096875 0.156481
0 0.265885 0.750463 0.189062 0.152778
0 0.112500 0.456481 0.080208 0.111111
0 0.053125 0.560185 0.094792 0.114815
0 0.222917 0.328241 0.066667 0.073148
