0 0.295833 0.786111 0.157292 0.181481
0 0.323437 0.702778 0.139583 0.155556
0 0.321094 0.610185 0.166146 0.114815
0 0.888542 0.406944 0.071875 0.078704
0 0.831250 0.350000 0.061458 0.083333
0 0.774479 0.270833 0.052083 0.043519
0 0.670312 0.303704 0.052083 0.051852
0 0.598177 0.303704 0.056771 0.100000
0 0.654427 0.244444 0.066146 0.088889
0 0.728906 0.216204 0.044271 0.093519
0 0.538542 0.174074 0.067708 0.092593
0 0.394792 0.338889 0.055208 0.105556
0 0.253646 0.407407 0.104167 0.107407
0 0.136719 0.437963 0.059896 0.072222
0 0.055990 0.547222 0.060937 0.088889
