0 0.316927 0.717130 0.172396 0.167593
0 0.143229 0.606481 0.086458 0.135185
0 0.258854 0.412963 0.071875 0.129630
0 0.403646 0.317130 0.046875 0.108333
0 0.613281 0.397222 0.059896 0.125926
0 0.585417 0.318056 0.081250 0.113889
0 0.574479 0.248611 0.042708 0.075000
0 0.679167 0.302778 0.064583 0.087037
0 0.885417 0.406944 0.072917 0.073148
0 0.829167 0.352778 0.070833 0.064815
0 0.768750 0.280093 0.063542 0.050926
0 0.722656 0.206019 0.049479 0.078704
0 0.219531 0.325463 0.073438 0.052778
0 0.533073 0.169907 0.056771 0.073148
