0 0.575781 0.312500 0.084896 0.119444
0 0.525781 0.174074 0.050521 0.100000
0 0.677604 0.309722 0.073958 0.087963
0 0.723698 0.207407 0.056771 0.066667
0 0.757552 0.270833 0.059896 0.065741
0 0.829948 0.352778 0.071354 0.079630
0 0.886458 0.402778 0.061458 0.072222
0 0.215625 0.611111 0.143750 0.122222
0 0.261719 0.750926 0.161979 0.170370
0 0.263802 0.497685 0.095312 0.152778
0 0.117708 0.454167 0.091667 0.106481
0 0.042448 0.587500 0.083854 0.260185
0 0.228906 0.335648 0.077604 0.089815
0 0.394271 0.328241 0.056250 0.106481
0 0.407552 0.204630 0.035937 0.085185
