0 0.328906 0.736574 0.209896 0.215741
0 0.270833 0.433333 0.097917 0.181481
0 0.405990 0.318981 0.048438 0.080556
0 0.584115 0.341204 0.071354 0.137963
0 0.679167 0.307407 0.079167 0.103704
0 0.885156 0.404630 0.057813 0.088889
0 0.831510 0.342593 0.064062 0.064815
0 0.765885 0.264815 0.047396 0.044444
0 0.717448 0.201389 0.054688 0.026852
0 0.110417 0.457870 0.071875 0.104630
0 0.124219 0.603704 0.063021 0.120370
0 0.221354 0.321759 0.065625 0.076852
0 0.409896 0.257870 0.042708 0.067593
0 0.550260 0.220370 0.031771 0.070370
0 0.528385 0.169907 0.045312 0.073148
0 0.560417 0.186574 0.026042 0.049074
