0 0.263281 0.766204 0.172396 0.189815
0 0.314583 0.616667 0.131250 0.142593
0 0.304427 0.527778 0.066146 0.092593
0 0.369271 0.367593 0.092708 0.100000
0 0.585417 0.321759 0.076042 0.093519
0 0.671875 0.311111 0.077083 0.096296
0 0.827083 0.341667 0.069792 0.088889
0 0.885677 0.406944 0.064062 0.073148
0 0.227083 0.315278 0.081250 0.071296
0 0.111198 0.442130 0.093229 0.100926
0 0.042188 0.607870 0.064583 0.195370
0 0.420052 0.216667 0.031771 0.075926
0 0.530729 0.168056 0.063542 0.071296
0 0.723958 0.200463 0.055208 0.071296
0 0.765365 0.263426 0.064062 0.058333
