0 0.336719 0.339815 0.031771 0.111111
0 0.279948 0.627315 0.139063 0.145370
0 0.529687 0.174074 0.047917 0.068519
0 0.303125 0.766667 0.190625 0.185185
0 0.578646 0.312963 0.065625 0.094444
0 0.395052 0.343056 0.052604 0.125000
0 0.039844 0.632870 0.076563 0.260185
0 0.167187 0.594444 0.116667 0.168519
0 0.120052 0.433796 0.078646 0.110185
0 0.217969 0.325926 0.059896 0.075926
0 0.895833 0.408796 0.070833 0.097222
0 0.832031 0.345370 0.066146 0.088889
0 0.761979 0.271296 0.060417 0.075926
0 0.683854 0.306944 0.072917 0.089815
0 0.721875 0.200926 0.054167 0.064815
