0 0.299219 0.771296 0.176563 0.177778
0 0.313802 0.686111 0.143229 0.114815
0 0.342969 0.624537 0.201563 0.106481
0 0.358073 0.515278 0.131771 0.115741
0 0.374740 0.439352 0.118229 0.095370
0 0.393229 0.400926 0.119792 0.135185
0 0.588021 0.337963 0.089583 0.109259
0 0.650521 0.250926 0.063542 0.105556
0 0.878385 0.406944 0.063021 0.089815
0 0.822396 0.344444 0.070833 0.055556
0 0.767448 0.260185 0.056771 0.057407
0 0.726042 0.210648 0.061458 0.084259
0 0.543750 0.170370 0.068750 0.077778
0 0.222917 0.331944 0.066667 0.052778
0 0.139323 0.442130 0.069271 0.063889
0 0.109635 0.486111 0.055729 0.094444
