0 0.279427 0.771759 0.177604 0.175000
0 0.292187 0.630556 0.145833 0.148148
0 0.154427 0.610648 0.114062 0.154630
0 0.359115 0.356481 0.084896 0.125926
0 0.400521 0.316204 0.040625 0.087963
0 0.586198 0.316667 0.073438 0.109259
0 0.672656 0.303241 0.066146 0.087963
0 0.832292 0.348148 0.076042 0.092593
0 0.886719 0.415278 0.052604 0.112037
0 0.757812 0.271759 0.064583 0.060185
0 0.730990 0.204630 0.063021 0.062963
0 0.535937 0.168056 0.060417 0.073148
0 0.217708 0.325000 0.073958 0.051852
0 0.126042 0.434722 0.083333 0.093519
0 0.047656 0.559259 0.075521 0.111111
0 0.253906 0.236574 0.060937 0.071296
