0 0.340365 0.348148 0.042188 0.125926
0 0.399740 0.343981 0.050521 0.125000
0 0.286198 0.631019 0.153646 0.156481
0 0.300521 0.769444 0.186458 0.179630
0 0.579688 0.319444 0.063542 0.107407
0 0.165104 0.596759 0.158333 0.175000
0 0.039844 0.633333 0.076563 0.264815
0 0.223177 0.325463 0.075521 0.058333
0 0.888021 0.404630 0.059375 0.068519
0 0.827865 0.343056 0.070312 0.084259
0 0.674219 0.308333 0.059896 0.092593
0 0.535677 0.177315 0.052604 0.067593
0 0.723437 0.205093 0.052083 0.078704
0 0.757552 0.272222 0.059896 0.059259
0 0.122917 0.436111 0.088542 0.118519
