0 0.330208 0.338889 0.046875 0.111111
0 0.330208 0.339815 0.045833 0.111111
0 0.399479 0.343519 0.047917 0.122222
0 0.534375 0.171296 0.036458 0.064815
0 0.303906 0.746759 0.169271 0.193519
0 0.283854 0.630556 0.155208 0.146296
0 0.583333 0.315278 0.070833 0.087963
0 0.039844 0.623148 0.075521 0.244444
0 0.154948 0.600926 0.103646 0.164815
0 0.122917 0.429630 0.081250 0.114815
0 0.220052 0.335185 0.073438 0.088889
0 0.891406 0.415278 0.067187 0.106481
0 0.829688 0.339352 0.079167 0.091667
0 0.759896 0.268056 0.059375 0.041667
0 0.674479 0.300000 0.071875 0.068519
0 0.722396 0.205556 0.050000 0.062963
