0 0.889583 0.408796 0.064583 0.091667
0 0.835938 0.352315 0.068750 0.087963
0 0.771354 0.277315 0.063542 0.036111
0 0.726823 0.203241 0.053646 0.069444
0 0.670312 0.293056 0.058333 0.075000
0 0.588281 0.316667 0.084896 0.109259
0 0.543490 0.187963 0.075521 0.122222
0 0.422396 0.222685 0.048958 0.104630
0 0.393750 0.337037 0.065625 0.118519
0 0.339844 0.567593 0.107813 0.200000
0 0.275521 0.533333 0.093750 0.185185
0 0.250000 0.774074 0.160417 0.188889
0 0.050521 0.622222 0.078125 0.231481
0 0.103906 0.458796 0.073438 0.117593
0 0.216667 0.325926 0.069792 0.092593
