0 0.336458 0.339352 0.032292 0.108333
0 0.132031 0.627778 0.074479 0.177778
0 0.283854 0.625000 0.146875 0.148148
0 0.197396 0.516667 0.114583 0.124074
0 0.533073 0.174074 0.042188 0.070370
0 0.581510 0.315741 0.066146 0.092593
0 0.394010 0.341204 0.045312 0.119444
0 0.041667 0.577778 0.070833 0.177778
0 0.127344 0.428704 0.075521 0.114815
0 0.220052 0.329167 0.064062 0.065741
0 0.891927 0.403241 0.075521 0.089815
0 0.827083 0.348148 0.079167 0.096296
0 0.670833 0.300463 0.071875 0.091667
0 0.759896 0.267130 0.051042 0.058333
0 0.308333 0.768519 0.175000 0.161111
0 0.722656 0.206944 0.049479 0.071296
0 0.319010 0.165278 0.025521 0.025000
0 0.252344 0.237963 0.046354 0.051852
