0 0.588542 0.316667 0.090625 0.142593
0 0.674219 0.304167 0.058854 0.108333
0 0.889062 0.403241 0.052083 0.087963
0 0.829688 0.348611 0.057292 0.080556
0 0.763542 0.278241 0.060417 0.047222
0 0.724219 0.211574 0.059896 0.069444
0 0.543490 0.177778 0.060937 0.077778
0 0.417187 0.222222 0.020833 0.072222
0 0.391146 0.333333 0.050000 0.116667
0 0.355990 0.552778 0.113021 0.161111
0 0.279427 0.526852 0.086979 0.188889
0 0.261198 0.760185 0.159896 0.181481
0 0.107292 0.462500 0.071875 0.141667
0 0.219792 0.344444 0.067708 0.088889
0 0.037240 0.595370 0.073438 0.220370
