0 0.332552 0.737963 0.184896 0.174074
0 0.146615 0.622222 0.100521 0.155556
0 0.107552 0.460648 0.066146 0.125000
0 0.271354 0.454630 0.076042 0.138889
0 0.396615 0.326389 0.055729 0.125000
0 0.590885 0.336574 0.057813 0.137963
0 0.547135 0.231019 0.045312 0.089815
0 0.534635 0.174074 0.056771 0.061111
0 0.880990 0.402315 0.053646 0.076852
0 0.834896 0.334259 0.068750 0.048148
0 0.680469 0.308796 0.080729 0.093519
0 0.766927 0.264815 0.057813 0.072222
0 0.725521 0.213889 0.052083 0.074074
0 0.219531 0.331019 0.061979 0.071296
