0 0.296094 0.631944 0.133854 0.167593
0 0.304167 0.510185 0.061458 0.125926
0 0.368490 0.355093 0.089063 0.110185
0 0.577865 0.313889 0.078646 0.133333
0 0.268229 0.762037 0.182292 0.196296
0 0.042448 0.650926 0.083854 0.114815
0 0.111458 0.444444 0.077083 0.122222
0 0.220833 0.329167 0.068750 0.065741
0 0.887240 0.406944 0.063021 0.084259
0 0.834375 0.343981 0.080208 0.087963
0 0.681771 0.299537 0.079167 0.076852
0 0.763281 0.273611 0.052604 0.080556
0 0.727604 0.205556 0.056250 0.070370
0 0.421094 0.217130 0.026562 0.071296
