0 0.335938 0.342593 0.032292 0.109259
0 0.127604 0.622685 0.061458 0.125000
0 0.279687 0.625000 0.139583 0.150000
0 0.530469 0.171759 0.044271 0.062037
0 0.175781 0.533333 0.159896 0.142593
0 0.039323 0.634722 0.075521 0.267593
0 0.577083 0.312037 0.068750 0.094444
0 0.307812 0.777315 0.163542 0.182407
0 0.380990 0.374074 0.041146 0.124074
0 0.226562 0.324537 0.080208 0.062037
0 0.120313 0.429167 0.088542 0.089815
0 0.675781 0.297222 0.069271 0.085185
0 0.760938 0.275926 0.051042 0.059259
0 0.886979 0.399537 0.059375 0.071296
0 0.830990 0.339352 0.072396 0.075000
0 0.730469 0.202315 0.067187 0.075000
0 0.260417 0.243519 0.054167 0.051852
