0 0.335938 0.341667 0.033333 0.111111
0 0.577865 0.315278 0.064062 0.097222
0 0.206771 0.324537 0.031250 0.050926
0 0.297917 0.778241 0.186458 0.175000
0 0.297656 0.637500 0.158854 0.162037
0 0.158594 0.604630 0.120313 0.174074
0 0.040885 0.585185 0.054688 0.179630
0 0.127083 0.431481 0.085417 0.111111
0 0.401302 0.327315 0.051562 0.102778
0 0.890625 0.403241 0.066667 0.097222
0 0.830990 0.339815 0.063021 0.072222
0 0.764323 0.267593 0.058854 0.075926
0 0.674479 0.299537 0.077083 0.080556
0 0.727865 0.210185 0.057813 0.072222
0 0.533854 0.173148 0.057292 0.062963
