0 0.315104 0.725000 0.181250 0.200000
0 0.130469 0.606481 0.073438 0.148148
0 0.264062 0.430556 0.084375 0.151852
0 0.594792 0.351852 0.056250 0.129630
0 0.583333 0.244444 0.060417 0.087037
0 0.610938 0.295833 0.054167 0.091667
0 0.885156 0.401852 0.058854 0.090741
0 0.832552 0.347685 0.082812 0.100926
0 0.763802 0.268056 0.057813 0.071296
0 0.677344 0.309259 0.064062 0.075926
0 0.730469 0.205556 0.048438 0.074074
0 0.109896 0.444907 0.090625 0.106481
0 0.217708 0.326389 0.056250 0.071296
0 0.407292 0.305556 0.059375 0.122222
0 0.535156 0.172222 0.058854 0.070370
