0 0.250521 0.767593 0.156250 0.179630
0 0.310677 0.616204 0.120313 0.136111
0 0.301563 0.512963 0.065625 0.137037
0 0.369010 0.356481 0.096354 0.131481
0 0.584635 0.309259 0.059896 0.124074
0 0.672917 0.296296 0.072917 0.090741
0 0.762240 0.271296 0.057813 0.077778
0 0.829167 0.345833 0.057292 0.071296
0 0.885938 0.406944 0.054167 0.089815
0 0.725521 0.214352 0.064583 0.071296
0 0.533594 0.168056 0.061979 0.082407
0 0.417969 0.220370 0.038021 0.081481
0 0.214844 0.330556 0.064062 0.075926
0 0.109635 0.453704 0.079687 0.103704
0 0.045833 0.549537 0.084375 0.110185
0 0.036458 0.663426 0.071875 0.123148
