0 0.366667 0.356944 0.080208 0.128704
0 0.222396 0.329167 0.063542 0.058333
0 0.575260 0.315741 0.072396 0.096296
0 0.291406 0.625463 0.171354 0.115741
0 0.267188 0.775463 0.147917 0.167593
0 0.212240 0.516667 0.095312 0.087037
0 0.041146 0.568981 0.076042 0.167593
0 0.127865 0.427315 0.079687 0.117593
0 0.675260 0.313426 0.077604 0.075000
0 0.889844 0.412037 0.064062 0.074074
0 0.834896 0.350000 0.078125 0.088889
0 0.760938 0.268519 0.060417 0.074074
0 0.729167 0.213426 0.068750 0.073148
0 0.532813 0.179630 0.068750 0.081481
