0 0.315365 0.727315 0.168229 0.175000
0 0.613281 0.397685 0.065104 0.115741
0 0.588021 0.319907 0.061458 0.080556
0 0.583333 0.242130 0.034375 0.071296
0 0.408594 0.312963 0.047396 0.103704
0 0.207552 0.329630 0.045312 0.051852
0 0.246875 0.405556 0.093750 0.059259
0 0.108854 0.435185 0.068750 0.100000
0 0.125781 0.592130 0.063021 0.137963
0 0.890365 0.399074 0.049479 0.088889
0 0.834896 0.338426 0.063542 0.073148
0 0.756250 0.268981 0.051042 0.054630
0 0.719531 0.197685 0.045312 0.056481
0 0.531771 0.161111 0.057292 0.090741
