0 0.336198 0.341204 0.032813 0.112037
0 0.127604 0.602778 0.064583 0.127778
0 0.285677 0.623611 0.152604 0.150926
0 0.532552 0.174537 0.043229 0.063889
0 0.336719 0.339815 0.034896 0.109259
0 0.174740 0.529167 0.159896 0.139815
0 0.564844 0.314815 0.034896 0.090741
0 0.601823 0.311111 0.019271 0.087037
0 0.309115 0.771296 0.189062 0.153704
0 0.044271 0.585648 0.059375 0.180556
0 0.883854 0.402778 0.066667 0.096296
0 0.832812 0.344444 0.064583 0.070370
0 0.760938 0.274074 0.058333 0.068519
0 0.680208 0.304630 0.066667 0.083333
0 0.722656 0.203704 0.054688 0.068519
0 0.217188 0.326852 0.059375 0.062963
0 0.394271 0.344444 0.057292 0.105556
